856
13 14
16 19
22 27
33 35
36 36
43 53
57 58
58 60
60 76
79 82
92 93
96 117
117 131
148 151
155 159
159 170
182 189
204 207
209 227
230 237
242 246
247 253
257 257
263 274
279 279
280 285
296 301
302 312
319 320
326 338
348 349
350 352
353 358
361 367
368 368
370 376
388 395
398 399
408 409
416 427
438 454
459 463
473 474
486 500
510 525
528 530
533 555
559 567
570 572
576 578
582 583
590 598
602 605
605 612
615 623
623 634
634 638
640 647
647 649
650 653
660 662
666 668
669 676
695 704
731 738
740 743
759 763
768 777
788 790
798 801
827 837
864 878
879 883
883 885
887 894
904 909
910 912
919 920
933 937
942 947
950 963
968 974
977 981
983 987
999 1000
1009 1021
1024 1025
1032 1033
1041 1043
1044 1055
1061 1074
1082 1087
1095 1098
1112 1125
1127 1130
1131 1132
1150 1153
1160 1160
1161 1162
1173 1173
1181 1192
1192 1198
1200 1209
1214 1216
1224 1233
1236 1243
1257 1258
1260 1263
1264 1267
1268 1290
1304 1337
1338 1340
1340 1341
1346 1354
1358 1362
1382 1394
1400 1410
1425 1426
1440 1441
1444 1451
1453 1457
1470 1479
1482 1496
1501 1501
1502 1502
1509 1516
1522 1533
1534 1541
1547 1547
1556 1564
1570 1580
1587 1600
1603 1611
1614 1615
1620 1622
1623 1636
1644 1645
1646 1654
1655 1670
1677 1683
1700 1701
1703 1703
1719 1724
1729 1730
1735 1741
1741 1743
1747 1749
1754 1755
1756 1757
1761 1767
1769 1771
1786 1787
1799 1800
1808 1822
1825 1828
1828 1835
1838 1840
1842 1859
1861 1862
1862 1870
1878 1879
1880 1882
1887 1892
1893 1893
1896 1900
1905 1906
1915 1917
1920 1925
1926 1933
1937 1942
1957 1962
1965 1965
1969 1974
1989 1992
2001 2003
2009 2011
2012 2013
2022 2022
2025 2027
2032 2036
2040 2043
2044 2049
2055 2067
2071 2072
2072 2077
2097 2098
2099 2100
2108 2109
2112 2117
2121 2131
2139 2152
2157 2158
2159 2166
2175 2182
2184 2189
2191 2201
2203 2223
2227 2232
2244 2246
2246 2249
2263 2267
2267 2268
2273 2278
2279 2280
2285 2286
2286 2288
2289 2295
2298 2303
2306 2317
2319 2320
2321 2342
2347 2352
2357 2365
2366 2368
2376 2386
2394 2394
2405 2416
2421 2430
2449 2465
2468 2472
2505 2514
2515 2516
2518 2518
2519 2520
2525 2525
2532 2532
2535 2536
2542 2548
2553 2556
2556 2563
2567 2569
2584 2590
2593 2594
2594 2599
2607 2609
2613 2615
2619 2621
2626 2628
2632 2636
2640 2653
2658 2659
2666 2668
2671 2674
2676 2688
2688 2704
2706 2708
2716 2720
2723 2735
2737 2743
2763 2770
2772 2772
2780 2780
2783 2787
2798 2804
2809 2813
2813 2817
2829 2831
2834 2837
2844 2849
2854 2855
2861 2862
2862 2863
2865 2880
2880 2888
2900 2902
2906 2907
2913 2915
2920 2920
2923 2924
2925 2930
2944 2952
2956 2962
2965 2971
2978 2985
2997 2999
3004 3014
3017 3023
3031 3032
3035 3045
3047 3048
3049 3054
3059 3065
3076 3076
3079 3084
3084 3092
3099 3113
3117 3126
3128 3129
3131 3138
3141 3143
3144 3144
3147 3148
3149 3150
3155 3163
3167 3177
3179 3185
3188 3200
3200 3216
3216 3220
3230 3237
3240 3263
3270 3307
3310 3319
3335 3352
3358 3359
3385 3388
3388 3403
3404 3414
3417 3418
3418 3422
3429 3431
3433 3434
3436 3438
3443 3444
3448 3453
3458 3458
3464 3473
3477 3483
3492 3498
3501 3502
3502 3504
3506 3516
3521 3536
3564 3567
3575 3576
3577 3578
3578 3581
3600 3603
3604 3604
3606 3620
3623 3640
3648 3650
3659 3664
3665 3689
3695 3700
3704 3713
3716 3719
3722 3734
3739 3748
3751 3753
3754 3777
3780 3783
3787 3790
3791 3795
3796 3802
3815 3816
3828 3834
3845 3862
3878 3879
3900 3900
3910 3911
3912 3913
3919 3922
3922 3924
3929 3936
3941 3941
3946 3950
3958 3971
3976 3987
3988 3996
3996 3997
4010 4013
4016 4024
4033 4041
4046 4047
4051 4052
4079 4080
4080 4100
4105 4112
4134 4140
4140 4149
4154 4154
4155 4162
4163 4165
4174 4174
4174 4182
4185 4189
4190 4193
4224 4227
4228 4240
4244 4245
4252 4254
4264 4269
4290 4290
4292 4295
4300 4300
4306 4308
4337 4351
4353 4357
4357 4362
4362 4364
4365 4376
4384 4388
4392 4394
4406 4412
4414 4437
4451 4453
4455 4459
4461 4463
4473 4478
4491 4503
4513 4514
4516 4517
4518 4525
4530 4536
4539 4540
4546 4546
4550 4578
4579 4591
4591 4615
4617 4621
4625 4639
4642 4642
4651 4658
4665 4669
4671 4676
4681 4689
4699 4716
4722 4738
4752 4760
4763 4764
4766 4767
4772 4774
4777 4777
4779 4782
4800 4803
4805 4813
4819 4825
4840 4843
4856 4858
4863 4863
4892 4895
4901 4901
4910 4922
4953 4962
4967 4967
4972 4976
4985 4988
4989 4989
4992 5008
5020 5032
5037 5037
5052 5054
5062 5081
5086 5086
5091 5099
5119 5126
5127 5154
5160 5160
5168 5169
5171 5174
5178 5194
5209 5209
5210 5216
5220 5227
5227 5236
5237 5242
5243 5247
5248 5253
5259 5265
5269 5272
5276 5277
5278 5287
5299 5300
5301 5312
5317 5318
5328 5332
5333 5333
5336 5370
5371 5384
5390 5400
5406 5406
5406 5418
5427 5433
5440 5441
5445 5445
5453 5461
5466 5466
5476 5479
5494 5498
5499 5503
5504 5506
5507 5510
5514 5519
5524 5533
5547 5554
5562 5579
5581 5593
5594 5599
5602 5604
5609 5611
5618 5622
5632 5633
5636 5642
5647 5648
5650 5653
5654 5656
5668 5668
5671 5679
5682 5682
5689 5691
5693 5700
5708 5709
5713 5713
5719 5726
5728 5734
5753 5757
5758 5770
5772 5791
5801 5805
5817 5818
5821 5825
5826 5827
5827 5838
5846 5852
5852 5856
5862 5870
5873 5873
5875 5893
5919 5929
5937 5941
5946 5960
5968 5971
5972 5972
5981 5988
5991 6004
6021 6023
6024 6025
6026 6030
6033 6034
6035 6048
6050 6064
6067 6069
6069 6072
6093 6108
6114 6119
6122 6134
6135 6139
6145 6153
6160 6167
6182 6182
6185 6188
6190 6196
6197 6203
6203 6225
6236 6240
6261 6262
6263 6264
6284 6301
6303 6321
6328 6328
6335 6335
6338 6339
6341 6343
6343 6350
6352 6360
6363 6363
6363 6369
6369 6379
6385 6390
6406 6412
6417 6435
6440 6442
6443 6445
6447 6447
6454 6462
6463 6468
6476 6490
6504 6512
6513 6517
6527 6534
6540 6543
6544 6557
6557 6564
6572 6580
6584 6587
6588 6594
6597 6601
6612 6615
6628 6629
6632 6634
6644 6653
6660 6661
6662 6674
6674 6675
6682 6683
6693 6697
6703 6703
6715 6719
6722 6729
6731 6749
6759 6762
6764 6772
6788 6790
6801 6807
6822 6828
6840 6853
6891 6899
6899 6901
6914 6918
6922 6928
6932 6932
6945 6954
6956 6970
6977 6987
6989 6990
6996 6997
7001 7017
7024 7028
7030 7037
7038 7041
7045 7048
7061 7074
7089 7105
7108 7128
7131 7132
7136 7143
7146 7146
7152 7153
7157 7161
7162 7171
7196 7207
7213 7219
7220 7224
7227 7229
7236 7238
7238 7247
7250 7261
7270 7274
7279 7294
7299 7300
7307 7307
7311 7321
7322 7326
7329 7335
7338 7360
7364 7365
7366 7368
7383 7383
7384 7393
7394 7400
7405 7407
7413 7418
7420 7421
7425 7435
7441 7445
7447 7451
7452 7453
7465 7474
7480 7488
7502 7507
7508 7510
7511 7514
7524 7532
7535 7541
7542 7543
7544 7545
7548 7551
7559 7572
7573 7591
7605 7611
7612 7616
7618 7619
7623 7629
7631 7648
7652 7669
7689 7696
7714 7715
7720 7722
7723 7734
7735 7737
7746 7756
7767 7775
7793 7802
7803 7811
7817 7820
7827 7827
7838 7838
7840 7861
7883 7899
7899 7899
7911 7919
7928 7942
7943 7947
7957 7964
7965 7973
7984 7986
7990 7992
7999 8005
8018 8024
8028 8029
8031 8040
8043 8058
8067 8074
8080 8080
8087 8095
8104 8111
8116 8130
8135 8138
8146 8150
8151 8155
8157 8168
8175 8180
8186 8207
8212 8216
8232 8251
8253 8268
8277 8277
8282 8283
8284 8285
8286 8290
8293 8297
8325 8333
8333 8352
8352 8356
8381 8391
8391 8401
8402 8402
8403 8405
8413 8415
8422 8424
8425 8429
8434 8442
8442 8445
8448 8451
8453 8458
8461 8463
8464 8480
8482 8483
8484 8486
8488 8500
8519 8528
8531 8535
8542 8556
8557 8568
8574 8580
8583 8586
8587 8589
8597 8598
8600 8600
8606 8606
8618 8621
8623 8624
8627 8636
8637 8641
8644 8659
8665 8673
8675 8678
8694 8696
8701 8701
8705 8736
8738 8744
8759 8763
8765 8769
8770 8771
8776 8781
8787 8801
8804 8813
8817 8822
8835 8841
8846 8850
8863 8868
8872 8876
8876 8881
8899 8905
8916 8934
8947 8953
8954 8959
8973 8982
8983 8984
8986 8987
8993 9003
9005 9007
9010 9018
9032 9034
9040 9046
9057 9059
9062 9083
9091 9096
9103 9109
9109 9111
9114 9115
9118 9133
9152 9162
9163 9165
9170 9177
9179 9188
9197 9199
9211 9216
9224 9224
9225 9226
9227 9228
9237 9246
9247 9250
9254 9264
9266 9270
9285 9288
9294 9294
9296 9302
9318 9318
9322 9349
9359 9359
9359 9371
9375 9375
9382 9386
9393 9395
9397 9407
9417 9422
9425 9428
9441 9444
9444 9444
9447 9451
9452 9467
9468 9480
9499 9511
9513 9522
9538 9542
9543 9557
9557 9566
9586 9607
9614 9623
9628 9634
9636 9637
9643 9646
9655 9658
9672 9675
9677 9685
9686 9696
9702 9706
9707 9719
9719 9724
9724 9728
9732 9734
9735 9735
9740 9751
9752 9758
9762 9764
9764 9776
9778 9807
9808 9813
9818 9819
9820 9823
9828 9843
9844 9844
9851 9858
9860 9861
9862 9866
9874 9875
9877 9878
9883 9883
9886 9895
9906 9910
9918 9923
9923 9926
9960 9963
9965 9972
