6325
9 25
42 42
68 70
70 73
76 77
83 83
93 96
97 98
101 109
112 113
123 124
139 147
155 171
179 181
184 185
194 195
198 217
218 225
237 238
239 257
259 267
268 274
287 323
327 337
339 343
352 354
364 364
370 387
391 392
413 414
432 474
474 478
478 491
499 502
562 566
566 570
574 574
577 578
583 588
596 599
602 611
611 623
629 630
640 647
667 669
674 676
682 692
706 718
729 729
733 744
749 771
789 789
790 800
801 813
813 818
818 823
823 838
841 848
851 854
857 859
861 878
890 901
910 911
919 925
926 929
931 938
943 951
959 962
963 968
972 1009
1028 1032
1036 1036
1046 1055
1059 1066
1068 1079
1089 1092
1098 1110
1113 1117
1132 1176
1177 1179
1183 1184
1188 1189
1193 1205
1233 1238
1244 1253
1258 1258
1260 1265
1267 1273
1278 1278
1278 1281
1286 1287
1299 1326
1329 1350
1371 1374
1374 1377
1393 1413
1427 1429
1435 1445
1452 1460
1463 1464
1465 1479
1492 1527
1547 1557
1587 1590
1612 1617
1622 1658
1662 1677
1699 1706
1713 1720
1720 1746
1760 1781
1782 1784
1785 1790
1791 1796
1803 1807
1814 1814
1820 1825
1825 1833
1835 1843
1845 1862
1863 1885
1895 1903
1906 1910
1912 1913
1917 1926
1932 1944
1949 1955
1962 1982
1988 1996
2014 2026
2027 2033
2037 2045
2047 2051
2062 2068
2078 2082
2083 2087
2103 2121
2121 2126
2133 2145
2151 2153
2175 2185
2185 2202
2203 2208
2220 2223
2256 2266
2271 2273
2281 2284
2285 2298
2301 2307
2308 2309
2311 2324
2325 2335
2339 2345
2347 2349
2349 2367
2383 2408
2451 2479
2483 2483
2503 2521
2521 2522
2532 2533
2546 2546
2547 2548
2553 2568
2574 2579
2594 2595
2610 2633
2637 2637
2638 2668
2674 2682
2686 2688
2690 2690
2693 2695
2709 2715
2719 2722
2732 2745
2757 2766
2774 2778
2798 2829
2831 2840
2873 2873
2886 2901
2902 2903
2904 2912
2917 2918
2923 2927
2946 2964
2967 2975
2984 2985
2989 2993
2995 3002
3010 3027
3030 3031
3035 3036
3039 3046
3048 3073
3082 3085
3090 3094
3102 3121
3131 3131
3142 3153
3156 3193
3198 3210
3220 3223
3230 3233
3235 3237
3238 3251
3252 3257
3265 3282
3291 3299
3310 3331
3342 3368
3374 3375
3375 3379
3380 3382
3384 3384
3406 3407
3408 3409
3411 3416
3429 3437
3446 3454
3469 3476
3480 3485
3490 3498
3499 3513
3514 3520
3522 3522
3555 3557
3562 3565
3566 3574
3577 3610
3619 3634
3635 3636
3636 3640
3646 3649
3670 3670
3681 3687
3703 3706
3707 3719
3725 3727
3729 3746
3750 3755
3777 3778
3780 3791
3797 3804
3806 3810
3810 3821
3824 3836
3838 3851
3856 3869
3883 3891
3897 3904
3908 3910
3927 3928
3932 3936
3943 3961
3963 3972
3979 3986
3989 3994
4006 4014
4022 4026
4027 4031
4031 4034
4036 4070
4079 4085
4087 4107
4154 4159
4161 4165
4183 4203
4203 4214
4216 4221
4224 4227
4236 4243
4262 4265
4295 4298
4300 4308
4334 4350
4371 4373
4376 4378
4383 4387
4390 4392
4414 4415
4419 4424
4431 4435
4455 4460
4461 4467
4483 4488
4497 4498
4501 4512
4529 4530
4566 4581
4585 4593
4600 4600
4601 4616
4617 4621
4626 4631
4638 4642
4646 4647
4660 4673
4698 4702
4712 4712
4714 4725
4727 4740
4761 4767
4774 4811
4815 4816
4817 4830
4830 4831
4834 4839
4848 4856
4875 4895
4915 4920
4921 4921
4924 4930
4941 4949
4950 4964
4978 4981
4988 4998
5005 5013
5014 5017
5036 5052
5056 5069
5069 5070
5082 5100
5105 5112
5120 5123
5126 5130
5144 5152
5154 5174
5182 5183
5201 5202
5211 5213
5217 5220
5231 5246
5247 5258
5264 5268
5286 5305
5326 5328
5332 5337
5338 5340
5354 5391
5394 5395
5399 5406
5417 5442
5477 5478
5488 5491
5502 5520
5522 5536
5539 5547
5547 5555
5555 5563
5566 5574
5590 5595
5597 5605
5612 5640
5641 5644
5645 5657
5676 5679
5702 5715
5751 5759
5769 5778
5786 5792
5799 5804
5809 5810
5824 5828
5831 5841
5841 5853
5853 5860
5881 5892
5909 5912
5944 5948
5958 5969
5976 5977
5981 5984
5996 6002
6005 6017
6018 6024
6035 6036
6041 6050
6061 6087
6087 6087
6087 6091
6100 6103
6104 6127
6134 6143
6151 6163
6165 6175
6182 6182
6183 6183
6187 6201
6202 6205
6213 6215
6220 6222
6275 6277
6284 6288
6289 6291
6298 6307
6332 6336
6353 6369
6388 6390
6394 6397
6402 6419
6428 6434
6436 6448
6448 6453
6456 6467
6471 6487
6494 6510
6523 6548
6550 6553
6558 6567
6574 6575
6580 6586
6598 6598
6602 6613
6622 6623
6664 6671
6675 6677
6686 6691
6698 6712
6720 6726
6749 6754
6764 6765
6795 6800
6824 6825
6837 6839
6842 6858
6859 6862
6869 6891
6893 6907
6917 6921
6924 6930
6930 6940
6945 6952
6963 6969
6969 6974
6974 6998
7003 7010
7010 7016
7024 7025
7030 7033
7036 7046
7053 7067
7072 7073
7078 7080
7082 7083
7084 7087
7117 7120
7140 7148
7162 7163
7165 7167
7167 7171
7191 7208
7212 7222
7228 7231
7237 7238
7243 7247
7273 7292
7297 7316
7326 7341
7345 7354
7373 7375
7378 7382
7396 7410
7413 7424
7431 7441
7453 7465
7467 7479
7481 7491
7501 7502
7504 7512
7515 7524
7539 7542
7550 7557
7560 7561
7566 7580
7582 7593
7598 7599
7626 7631
7635 7646
7647 7647
7662 7673
7687 7695
7701 7712
7720 7733
7737 7739
7740 7742
7748 7763
7767 7778
7785 7787
7791 7795
7807 7809
7810 7813
7825 7828
7851 7875
7893 7910
7925 7929
7936 7941
7946 7955
7967 7970
7981 7987
7987 8005
8006 8008
8019 8025
8059 8063
8069 8078
8085 8090
8095 8100
8106 8107
8114 8114
8117 8125
8134 8142
8143 8145
8153 8157
8181 8188
8188 8189
8196 8207
8215 8223
8227 8236
8237 8245
8247 8256
8259 8264
8272 8274
8279 8292
8294 8297
8298 8301
8302 8318
8328 8336
8345 8351
8352 8356
8373 8376
8377 8381
8381 8389
8397 8405
8405 8405
8405 8414
8419 8428
8443 8444
8447 8465
8467 8468
8482 8487
8497 8512
8513 8515
8531 8565
8585 8587
8593 8594
8615 8620
8633 8641
8650 8661
8675 8678
8704 8711
8718 8732
8767 8771
8779 8784
8790 8791
8807 8807
8810 8825
8834 8842
8847 8852
8852 8860
8862 8865
8866 8887
8893 8895
8896 8905
8908 8925
8926 8927
8930 8938
8939 8944
8947 8951
8963 8970
8983 8992
8994 8996
8998 9001
9006 9024
9029 9043
9051 9056
9062 9064
9088 9090
9097 9098
9109 9109
9120 9151
9174 9179
9184 9193
9196 9204
9223 9244
9270 9272
9272 9277
9283 9285
9304 9310
9315 9329
9338 9346
9368 9369
9383 9392
9397 9404
9415 9418
9428 9432
9434 9444
9457 9457
9470 9470
9479 9482
9485 9503
9528 9551
9556 9564
9569 9570
9573 9573
9595 9598
9611 9629
9631 9645
9645 9646
9656 9663
9667 9694
9695 9700
9700 9704
9708 9709
9719 9732
9733 9744
9745 9746
9763 9777
9779 9783
9791 9801
9803 9818
9824 9826
9831 9835
9840 9843
9849 9851
9859 9871
9893 9913
9921 9922
9928 9941
9957 9969
9972 9979
9989 9992
9992 10005
10008 10040
10044 10054
10063 10063
10070 10070
10078 10100
10108 10112
10112 10113
10116 10127
10138 10138
10147 10151
10152 10154
10160 10166
10173 10173
10184 10186
10223 10227
10239 10242
10243 10246
10249 10261
10265 10279
10279 10286
10306 10310
10316 10320
10337 10337
10339 10345
10347 10354
10357 10370
10374 10380
10391 10398
10400 10415
10415 10419
10426 10428
10433 10434
10436 10437
10437 10442
10444 10449
10454 10456
10463 10464
10476 10489
10495 10500
10505 10515
10519 10520
10543 10559
10566 10573
10585 10601
10606 10610
10622 10627
10638 10644
10653 10654
10655 10660
10661 10663
10669 10684
10715 10718
10726 10727
10742 10755
10756 10758
10759 10766
10776 10792
10804 10805
10809 10814
10821 10835
10838 10849
10863 10883
10886 10890
10892 10895
10925 10937
10943 10947
10948 10954
10955 10956
10957 10959
10994 10996
10996 11005
11010 11013
11029 11040
11043 11050
11053 11072
11074 11075
11080 11083
11087 11107
11107 11110
11127 11136
11142 11144
11155 11156
11174 11192
11205 11210
11211 11217
11219 11242
11252 11255
11256 11264
11264 11268
11270 11273
11280 11303
11304 11319
11320 11323
11323 11330
11338 11348
11358 11360
11360 11366
11368 11380
11385 11411
11413 11427
11458 11472
11473 11476
11485 11486
11486 11490
11492 11510
11524 11531
11538 11538
11539 11556
11565 11573
11573 11583
11585 11589
11592 11598
11605 11610
11623 11627
11634 11636
11638 11644
11649 11650
11650 11669
11673 11680
11689 11701
11702 11708
11714 11721
11732 11780
11781 11795
11797 11799
11843 11854
11858 11871
11872 11893
11906 11912
11914 11914
11931 11943
11944 11971
11980 11983
11996 11997
12001 12009
12038 12040
12046 12046
12053 12058
12079 12080
12082 12099
12099 12110
12113 12118
12124 12127
12131 12146
12149 12151
12159 12164
12167 12168
12173 12175
12187 12189
12195 12196
12208 12208
12208 12213
12218 12223
12232 12237
12241 12257
12273 12275
12286 12287
12289 12299
12346 12356
12361 12367
12376 12381
12384 12387
12392 12395
12408 12412
12418 12422
12431 12432
12438 12440
12456 12467
12468 12474
12476 12477
12514 12516
12522 12523
12528 12529
12529 12534
12539 12563
12572 12587
12592 12596
12610 12611
12638 12639
12639 12659
12661 12664
12665 12673
12675 12677
12688 12711
12717 12725
12734 12737
12757 12775
12792 12803
12811 12819
12832 12832
12836 12839
12842 12853
12866 12867
12871 12872
12876 12896
12898 12908
12925 12933
12950 12973
12991 12995
13004 13013
13030 13033
13041 13071
13077 13087
13089 13092
13094 13099
13109 13111
13124 13133
13142 13143
13155 13180
13188 13195
13205 13230
13235 13248
13264 13271
13275 13281
13289 13291
13292 13293
13300 13306
13309 13314
13315 13356
13368 13398
13399 13422
13442 13443
13447 13454
13477 13479
13481 13487
13496 13500
13501 13562
13568 13571
13573 13578
13580 13595
13596 13614
13618 13619
13638 13639
13641 13650
13652 13661
13669 13670
13685 13688
13701 13705
13717 13722
13725 13734
13739 13749
13749 13754
13756 13762
13764 13767
13767 13779
13780 13792
13796 13801
13809 13809
13809 13831
13839 13841
13841 13859
13872 13873
13874 13892
13928 13940
13951 13952
13960 13966
13978 13990
13990 14035
14040 14049
14061 14067
14073 14075
14077 14087
14090 14092
14096 14103
14110 14119
14128 14131
14138 14147
14148 14150
14154 14154
14157 14160
14184 14192
14200 14202
14217 14217
14235 14245
14246 14246
14259 14262
14275 14279
14283 14288
14290 14306
14309 14319
14321 14330
14358 14361
14381 14383
14384 14385
14394 14396
14404 14410
14419 14426
14435 14436
14439 14447
14450 14458
14464 14487
14499 14523
14528 14536
14538 14548
14557 14560
14569 14572
14574 14579
14586 14586
14586 14593
14593 14599
14605 14612
14628 14641
14705 14712
14715 14717
14737 14738
14742 14751
14759 14768
14771 14789
14790 14791
14807 14823
14823 14831
14833 14844
14845 14855
14861 14866
14879 14883
14884 14884
14885 14885
14889 14891
14896 14897
14901 14905
14908 14922
14924 14936
14939 14945
14945 14981
14982 15003
15009 15013
15014 15044
15050 15054
15058 15058
15093 15117
15118 15119
15126 15135
15139 15141
15147 15149
15162 15162
15177 15190
15193 15194
15194 15221
15222 15228
15235 15238
15244 15247
15257 15274
15284 15285
15286 15294
15296 15306
15324 15336
15341 15346
15349 15353
15357 15364
15369 15375
15378 15380
15408 15419
15452 15454
15459 15462
15463 15503
15512 15515
15535 15550
15554 15559
15591 15593
15626 15627
15631 15662
15664 15666
15672 15672
15675 15685
15701 15718
15723 15731
15774 15777
15780 15784
15790 15812
15814 15827
15831 15838
15841 15841
15844 15845
15848 15854
15870 15879
15899 15907
15907 15908
15917 15920
15950 15955
15955 15973
15983 16005
16013 16036
16040 16053
16057 16059
16059 16063
16064 16065
16069 16101
16102 16114
16117 16127
16132 16136
16159 16189
16199 16199
16201 16212
16215 16219
16222 16233
16249 16253
16268 16278
16281 16286
16290 16300
16306 16308
16312 16322
16336 16362
16362 16365
16376 16383
16402 16409
16410 16411
16414 16421
16422 16427
16428 16445
16450 16451
16463 16466
16468 16487
16503 16513
16515 16518
16519 16526
16528 16547
16565 16581
16585 16586
16587 16595
16607 16616
16618 16632
16636 16649
16650 16657
16657 16668
16671 16691
16703 16705
16705 16711
16716 16725
16772 16792
16797 16805
16808 16816
16820 16822
16822 16823
16837 16842
16851 16856
16860 16864
16884 16890
16891 16892
16893 16899
16916 16920
16933 16936
16938 16942
16951 16957
16966 16970
16979 16982
16987 16990
16995 16998
17002 17006
17008 17021
17026 17033
17049 17068
17068 17089
17102 17109
17119 17124
17125 17129
17130 17131
17132 17142
17150 17151
17156 17168
17195 17235
17239 17241
17243 17253
17254 17261
17276 17283
17285 17300
17305 17316
17317 17321
17321 17322
17326 17332
17347 17356
17360 17361
17368 17370
17380 17384
17401 17406
17408 17422
17423 17428
17430 17454
17463 17463
17489 17491
17492 17496
17509 17510
17510 17512
17517 17529
17534 17537
17561 17566
17578 17578
17582 17605
17606 17610
17613 17636
17639 17649
17655 17656
17672 17681
17701 17714
17721 17727
17734 17761
17767 17784
17785 17813
17814 17815
17843 17848
17864 17880
17882 17885
17888 17892
17895 17895
17896 17927
17928 17959
17971 17980
17981 17986
17992 17994
18000 18005
18026 18046
18053 18058
18060 18066
18076 18084
18087 18093
18095 18106
18109 18109
18130 18132
18134 18145
18149 18150
18151 18167
18176 18181
18182 18183
18185 18193
18196 18197
18206 18226
18232 18233
18235 18241
18256 18262
18271 18277
18288 18302
18305 18307
18314 18323
18324 18327
18345 18363
18370 18388
18397 18407
18407 18422
18422 18425
18447 18456
18457 18462
18463 18475
18499 18502
18508 18515
18528 18536
18560 18563
18580 18596
18611 18628
18632 18636
18637 18639
18644 18677
18678 18697
18711 18741
18760 18769
18770 18776
18777 18781
18782 18783
18783 18788
18793 18794
18795 18796
18796 18809
18809 18823
18823 18828
18836 18848
18849 18857
18858 18863
18931 18932
18932 18942
18946 18983
18983 18987
18988 18999
19007 19011
19012 19013
19021 19022
19028 19035
19038 19043
19059 19063
19067 19080
19082 19088
19101 19103
19120 19123
19129 19138
19144 19147
19147 19164
19176 19187
19217 19241
19245 19245
19248 19260
19268 19299
19311 19322
19335 19341
19350 19367
19381 19404
19408 19411
19419 19427
19435 19437
19449 19451
19453 19471
19475 19482
19512 19528
19534 19547
19553 19553
19554 19555
19555 19556
19557 19560
19561 19587
19588 19589
19596 19609
19619 19633
19641 19651
19662 19662
19669 19680
19683 19699
19705 19709
19715 19721
19723 19728
19735 19739
19760 19768
19781 19790
19791 19802
19821 19831
19836 19850
19868 19871
19873 19880
19880 19881
19885 19897
19898 19901
19909 19925
19926 19935
19937 19939
19946 19967
19968 20006
20017 20023
20025 20031
20034 20035
20035 20036
20047 20052
20057 20061
20066 20070
20076 20091
20113 20116
20147 20172
20192 20193
20194 20203
20209 20210
20212 20222
20226 20231
20234 20240
20242 20246
20254 20256
20270 20272
20276 20288
20307 20310
20316 20320
20334 20341
20343 20345
20350 20354
20397 20407
20408 20412
20434 20446
20448 20477
20498 20502
20507 20516
20542 20554
20555 20556
20559 20565
20571 20581
20586 20594
20599 20599
20599 20601
20602 20606
20606 20609
20610 20610
20611 20617
20621 20632
20638 20654
20666 20672
20672 20683
20702 20709
20717 20724
20726 20731
20732 20737
20740 20751
20756 20760
20790 20794
20807 20817
20817 20824
20856 20863
20872 20886
20894 20918
20923 20923
20929 20935
20936 20943
20944 20955
20956 20967
20970 20989
20991 20993
20998 21004
21021 21026
21034 21053
21061 21076
21083 21089
21098 21104
21108 21120
21126 21127
21132 21134
21146 21147
21167 21169
21170 21181
21194 21195
21199 21206
21207 21214
21228 21229
21232 21239
21242 21244
21245 21251
21262 21268
21272 21272
21274 21294
21298 21306
21320 21321
21322 21323
21327 21333
21337 21340
21342 21346
21354 21356
21356 21374
21379 21381
21385 21404
21409 21409
21413 21433
21446 21451
21451 21453
21466 21470
21470 21474
21504 21513
21520 21522
21523 21529
21539 21541
21541 21541
21548 21551
21558 21575
21583 21608
21624 21642
21648 21665
21680 21692
21696 21705
21713 21714
21724 21724
21725 21728
21737 21741
21744 21750
21753 21764
21772 21788
21809 21816
21817 21817
21819 21822
21827 21837
21854 21856
21857 21862
21863 21869
21870 21886
21898 21907
21908 21908
21918 21918
21920 21936
21940 21941
21947 21968
21976 21986
21986 21987
21991 21992
22008 22013
22017 22023
22023 22025
22029 22029
22036 22051
22060 22061
22062 22070
22078 22087
22088 22093
22099 22103
22117 22124
22125 22135
22146 22150
22160 22180
22182 22183
22195 22197
22199 22201
22226 22236
22239 22252
22253 22261
22269 22271
22289 22290
22290 22294
22312 22313
22313 22314
22316 22330
22334 22337
22341 22349
22352 22367
22369 22389
22390 22395
22395 22396
22409 22423
22436 22442
22444 22455
22457 22463
22471 22475
22477 22498
22515 22528
22538 22557
22559 22564
22578 22580
22588 22588
22593 22610
22617 22620
22627 22629
22629 22630
22631 22674
22678 22684
22684 22689
22691 22701
22703 22718
22719 22727
22737 22748
22770 22777
22784 22787
22790 22794
22801 22813
22815 22820
22823 22835
22841 22852
22855 22858
22869 22872
22889 22891
22900 22905
22933 22939
22941 22961
22971 23002
23020 23025
23033 23040
23041 23042
23043 23051
23062 23073
23079 23082
23083 23098
23102 23119
23126 23128
23133 23145
23147 23151
23152 23196
23198 23203
23205 23208
23214 23219
23242 23253
23255 23255
23256 23257
23260 23262
23267 23270
23284 23290
23298 23300
23309 23313
23326 23344
23355 23359
23369 23395
23410 23410
23414 23425
23425 23438
23448 23457
23463 23467
23471 23471
23477 23484
23485 23506
23519 23525
23541 23563
23567 23571
23577 23585
23604 23605
23607 23620
23624 23629
23643 23643
23644 23655
23672 23681
23690 23691
23700 23710
23715 23722
23722 23726
23735 23748
23757 23760
23764 23771
23780 23791
23801 23825
23842 23849
23867 23886
23891 23902
23912 23927
23937 23963
23972 23987
23992 23998
24003 24008
24015 24016
24035 24050
24062 24081
24084 24090
24102 24110
24118 24118
24134 24137
24156 24182
24192 24203
24210 24210
24218 24228
24256 24262
24288 24289
24290 24293
24297 24298
24307 24309
24312 24313
24325 24331
24331 24336
24359 24366
24379 24385
24385 24393
24393 24399
24409 24422
24423 24424
24424 24425
24432 24435
24454 24457
24470 24478
24483 24495
24497 24500
24502 24546
24575 24587
24602 24614
24621 24623
24644 24650
24659 24663
24666 24668
24685 24700
24703 24707
24708 24713
24724 24742
24746 24754
24763 24764
24765 24769
24774 24781
24781 24788
24802 24811
24818 24820
24825 24827
24831 24834
24836 24844
24855 24856
24865 24865
24866 24885
24914 24918
24924 24969
24971 24972
24973 24974
24977 24984
24987 24997
25006 25012
25014 25022
25036 25045
25051 25064
25068 25078
25081 25093
25100 25103
25103 25109
25124 25138
25139 25171
25180 25197
25222 25223
25239 25249
25268 25270
25275 25297
25303 25306
25312 25318
25329 25335
25345 25350
25353 25354
25355 25357
25382 25382
25396 25398
25423 25431
25432 25436
25444 25448
25452 25452
25457 25465
25468 25473
25477 25479
25482 25499
25499 25502
25504 25521
25532 25539
25550 25551
25560 25569
25574 25575
25605 25619
25620 25622
25630 25635
25640 25654
25660 25684
25687 25691
25693 25698
25701 25709
25711 25713
25716 25729
25733 25736
25738 25738
25739 25750
25753 25769
25776 25802
25804 25806
25809 25827
25828 25841
25843 25869
25872 25878
25879 25881
25896 25897
25898 25909
25916 25927
25939 25942
25945 25946
25948 25958
25961 25973
25981 25982
25996 26001
26013 26016
26018 26027
26037 26041
26048 26061
26064 26073
26091 26092
26098 26103
26104 26111
26115 26118
26127 26128
26129 26132
26139 26145
26160 26173
26193 26201
26210 26213
26214 26220
26220 26220
26222 26236
26245 26248
26257 26267
26279 26301
26307 26312
26335 26336
26342 26353
26355 26370
26386 26411
26412 26420
26445 26447
26448 26452
26456 26468
26474 26481
26493 26494
26495 26501
26505 26510
26519 26521
26523 26524
26538 26551
26552 26563
26566 26574
26576 26577
26586 26588
26589 26601
26604 26612
26615 26644
26646 26670
26688 26691
26694 26712
26718 26722
26733 26738
26743 26744
26747 26747
26751 26755
26757 26762
26775 26778
26780 26785
26787 26790
26795 26796
26797 26800
26804 26808
26814 26816
26817 26834
26846 26855
26866 26874
26880 26892
26894 26900
26907 26909
26913 26914
26915 26928
26951 26957
26959 26967
26968 26981
26992 26997
27001 27010
27012 27013
27041 27060
27062 27063
27067 27080
27097 27106
27106 27110
27113 27114
27121 27124
27135 27136
27162 27166
27171 27186
27191 27212
27214 27217
27218 27221
27222 27224
27226 27226
27227 27241
27274 27279
27298 27315
27315 27325
27342 27374
27384 27386
27405 27424
27429 27431
27433 27443
27444 27454
27454 27464
27466 27467
27468 27471
27475 27476
27492 27495
27523 27529
27534 27538
27540 27543
27544 27558
27560 27568
27569 27577
27579 27590
27592 27599
27617 27618
27660 27662
27672 27685
27699 27702
27710 27716
27721 27729
27742 27745
27747 27753
27761 27763
27769 27781
27801 27803
27827 27827
27836 27841
27845 27852
27874 27876
27883 27895
27919 27919
27922 27928
27968 27973
27978 27985
27996 28006
28008 28014
28015 28022
28037 28040
28052 28056
28065 28068
28070 28075
28084 28087
28092 28102
28119 28121
28134 28147
28151 28151
28169 28172
28172 28183
28189 28190
28208 28208
28212 28220
28227 28231
28231 28238
28241 28242
28250 28257
28280 28282
28297 28318
28322 28330
28336 28339
28360 28360
28363 28368
28378 28379
28381 28385
28387 28403
28406 28410
28410 28411
28427 28428
28440 28445
28449 28453
28457 28475
28482 28490
28523 28536
28537 28538
28548 28552
28556 28566
28573 28581
28596 28600
28616 28616
28616 28633
28636 28658
28662 28667
28675 28679
28679 28685
28691 28694
28724 28725
28731 28736
28750 28758
28760 28761
28766 28773
28780 28813
28821 28826
28834 28878
28898 28902
28903 28911
28935 28954
28959 29001
29010 29016
29020 29025
29033 29058
29060 29073
29073 29079
29080 29082
29085 29086
29088 29117
29129 29137
29138 29148
29158 29161
29162 29162
29166 29170
29176 29177
29182 29182
29184 29206
29208 29219
29227 29228
29251 29252
29256 29275
29277 29293
29294 29304
29304 29319
29327 29351
29353 29355
29357 29357
29359 29362
29363 29367
29371 29378
29386 29389
29411 29420
29420 29431
29433 29436
29446 29464
29466 29476
29478 29479
29481 29483
29491 29494
29497 29498
29506 29509
29512 29514
29521 29526
29535 29535
29536 29543
29550 29552
29558 29559
29559 29567
29605 29610
29613 29630
29638 29642
29666 29669
29670 29671
29677 29689
29700 29701
29704 29706
29711 29719
29719 29720
29725 29727
29742 29759
29762 29766
29782 29782
29814 29820
29827 29830
29846 29847
29858 29862
29862 29866
29872 29881
29883 29891
29903 29905
29919 29922
29936 29938
29955 29956
29968 29974
29980 29987
29999 30000
30019 30034
30036 30039
30043 30056
30066 30071
30075 30075
30079 30080
30104 30110
30110 30111
30141 30144
30150 30155
30156 30163
30163 30177
30182 30182
30188 30203
30234 30236
30256 30290
30305 30312
30319 30324
30338 30347
30355 30369
30384 30389
30390 30392
30404 30408
30414 30417
30420 30440
30441 30458
30470 30477
30497 30499
30502 30507
30516 30522
30528 30529
30539 30540
30575 30577
30579 30579
30588 30588
30607 30609
30611 30613
30618 30619
30659 30660
30661 30675
30701 30739
30742 30743
30746 30751
30754 30762
30762 30773
30774 30777
30784 30786
30787 30792
30816 30822
30833 30843
30845 30845
30849 30858
30882 30893
30897 30902
30907 30908
30911 30912
30918 30919
30923 30928
30929 30935
30946 30948
30949 30956
30962 30966
30967 30967
30975 30975
30976 31020
31049 31071
31090 31105
31117 31131
31132 31154
31156 31210
31216 31218
31218 31231
31243 31247
31248 31250
31277 31284
31289 31307
31313 31315
31315 31321
31324 31324
31329 31342
31348 31352
31354 31363
31369 31369
31399 31409
31410 31412
31419 31437
31438 31455
31456 31467
31468 31492
31493 31493
31510 31514
31515 31524
31525 31533
31534 31537
31551 31557
31559 31565
31567 31570
31571 31575
31588 31609
31611 31628
31637 31637
31641 31649
31651 31699
31701 31705
31709 31713
31718 31728
31749 31751
31752 31757
31775 31784
31806 31816
31829 31834
31838 31851
31857 31859
31878 31886
31891 31901
31902 31903
31910 31916
31926 31927
31932 31935
31949 31961
31968 31971
32007 32012
32051 32056
32058 32060
32070 32074
32091 32092
32106 32109
32113 32115
32116 32117
32146 32147
32158 32166
32173 32205
32219 32223
32259 32266
32276 32285
32294 32331
32335 32346
32349 32357
32363 32366
32380 32380
32381 32382
32390 32394
32398 32411
32413 32428
32432 32433
32434 32436
32449 32455
32464 32466
32470 32477
32485 32487
32493 32496
32501 32506
32518 32539
32541 32552
32565 32567
32572 32573
32579 32581
32593 32615
32619 32633
32651 32657
32660 32664
32682 32684
32686 32688
32692 32697
32704 32707
32712 32720
32736 32751
32758 32760
32766 32777
32784 32811
32822 32828
32829 32831
32853 32869
32877 32884
32884 32891
32892 32895
32902 32911
32921 32928
32930 32931
32946 32946
32963 32965
32967 32981
32982 32988
32992 33000
33003 33004
33010 33011
33021 33031
33037 33040
33043 33044
33045 33048
33049 33051
33058 33063
33072 33077
33091 33101
33102 33111
33121 33125
33127 33132
33135 33142
33146 33180
33184 33197
33207 33211
33212 33220
33248 33252
33266 33267
33271 33272
33285 33287
33293 33298
33301 33304
33305 33313
33319 33323
33334 33334
33349 33350
33357 33380
33387 33409
33410 33412
33416 33416
33436 33447
33452 33456
33504 33504
33511 33516
33536 33540
33548 33555
33565 33565
33567 33567
33571 33578
33580 33582
33588 33590
33598 33608
33616 33627
33644 33645
33648 33651
33672 33679
33689 33698
33704 33709
33722 33724
33735 33749
33755 33763
33772 33774
33777 33813
33829 33835
33848 33851
33855 33860
33872 33875
33885 33933
33942 33947
33947 33948
33953 33957
33964 33971
33973 33974
33980 33981
33997 33998
34000 34004
34010 34013
34037 34045
34045 34046
34062 34099
34115 34116
34119 34130
34134 34134
34135 34145
34155 34163
34170 34196
34207 34208
34210 34225
34230 34231
34241 34244
34245 34255
34263 34268
34272 34296
34317 34320
34322 34332
34333 34334
34356 34360
34370 34374
34397 34399
34404 34407
34412 34413
34414 34415
34429 34433
34434 34444
34448 34449
34454 34458
34459 34462
34462 34463
34468 34483
34511 34514
34515 34519
34551 34555
34557 34566
34568 34580
34581 34608
34610 34612
34629 34641
34646 34647
34656 34664
34666 34669
34670 34691
34691 34703
34704 34722
34730 34746
34766 34769
34783 34798
34801 34829
34834 34841
34842 34843
34847 34855
34861 34877
34879 34889
34889 34891
34900 34916
34921 34921
34931 34939
34960 34968
34970 34972
34972 34976
34986 34997
35005 35021
35031 35042
35045 35075
35092 35112
35115 35135
35141 35156
35179 35186
35192 35205
35222 35226
35230 35239
35250 35267
35271 35273
35276 35285
35285 35289
35291 35310
35313 35321
35335 35361
35367 35390
35400 35406
35409 35416
35418 35419
35455 35457
35462 35466
35476 35506
35512 35520
35536 35538
35542 35547
35553 35558
35570 35570
35581 35583
35583 35586
35591 35598
35608 35614
35626 35633
35659 35674
35677 35688
35703 35704
35706 35757
35762 35768
35772 35778
35782 35792
35792 35817
35819 35830
35834 35838
35844 35845
35863 35872
35891 35894
35894 35919
35945 35952
35968 35986
35991 35995
35996 36002
36006 36008
36012 36025
36030 36031
36041 36050
36061 36073
36079 36080
36086 36093
36094 36096
36110 36118
36136 36148
36161 36165
36179 36190
36196 36196
36213 36216
36217 36231
36234 36251
36253 36258
36262 36278
36294 36308
36310 36310
36317 36324
36326 36328
36329 36332
36332 36338
36338 36356
36376 36381
36392 36403
36403 36410
36410 36423
36431 36434
36434 36435
36435 36439
36444 36459
36460 36470
36480 36483
36489 36491
36496 36505
36511 36518
36528 36553
36554 36560
36580 36597
36601 36611
36624 36628
36636 36644
36652 36653
36658 36662
36662 36675
36677 36684
36687 36695
36696 36698
36702 36702
36712 36719
36735 36744
36766 36781
36790 36795
36803 36820
36823 36823
36850 36854
36858 36879
36885 36892
36893 36896
36907 36914
36916 36916
36927 36937
36942 36956
36957 36961
36962 36977
36988 36990
36994 36994
36999 37013
37022 37027
37036 37039
37042 37051
37051 37058
37063 37080
37097 37104
37104 37112
37116 37119
37125 37125
37129 37137
37149 37152
37154 37156
37158 37182
37192 37194
37211 37218
37218 37229
37234 37249
37255 37261
37263 37266
37270 37279
37279 37291
37293 37293
37303 37304
37304 37317
37331 37335
37336 37342
37348 37350
37363 37369
37377 37386
37402 37409
37415 37419
37431 37434
37436 37452
37462 37478
37520 37523
37543 37544
37549 37569
37579 37580
37582 37582
37584 37584
37598 37599
37600 37602
37604 37613
37617 37626
37631 37639
37654 37656
37684 37689
37699 37702
37704 37716
37717 37722
37731 37740
37746 37752
37778 37788
37802 37803
37803 37804
37807 37808
37819 37826
37830 37844
37846 37889
37927 37933
37938 37941
37943 37963
37974 37979
37980 37990
37994 37998
38024 38026
38033 38033
38036 38041
38049 38056
38059 38061
38069 38073
38076 38078
38078 38086
38094 38101
38102 38112
38132 38133
38139 38158
38159 38161
38183 38190
38190 38192
38199 38201
38210 38213
38233 38234
38236 38254
38273 38278
38286 38291
38299 38302
38318 38321
38338 38350
38358 38382
38386 38393
38405 38411
38419 38421
38424 38431
38434 38443
38457 38468
38470 38473
38474 38485
38486 38491
38496 38504
38505 38508
38519 38523
38535 38543
38544 38545
38549 38551
38571 38586
38591 38592
38595 38601
38601 38609
38611 38628
38636 38637
38638 38644
38663 38664
38670 38675
38676 38679
38680 38697
38714 38719
38729 38729
38748 38769
38792 38802
38812 38819
38820 38847
38847 38850
38854 38859
38861 38879
38880 38889
38924 38930
38947 38955
38961 38994
39000 39008
39010 39036
39053 39054
39059 39066
39076 39085
39093 39094
39099 39118
39145 39146
39150 39151
39155 39191
39206 39206
39207 39212
39215 39215
39232 39236
39245 39256
39283 39283
39287 39305
39305 39318
39337 39358
39361 39380
39401 39409
39413 39414
39432 39434
39436 39464
39465 39499
39502 39510
39514 39521
39529 39543
39544 39551
39560 39572
39584 39589
39591 39592
39593 39612
39629 39634
39642 39644
39652 39657
39661 39665
39668 39670
39678 39694
39697 39698
39701 39702
39707 39725
39768 39770
39773 39790
39794 39802
39805 39806
39813 39818
39821 39838
39839 39843
39845 39850
39856 39859
39864 39865
39866 39876
39886 39888
39890 39895
39918 39928
39932 39937
39956 39961
39964 39965
39972 39993
40006 40018
40023 40036
40039 40040
40059 40071
40072 40072
40079 40080
40095 40102
40105 40107
40126 40129
40136 40143
40145 40149
40151 40169
40187 40187
40189 40190
40198 40205
40213 40221
40227 40241
40248 40255
40260 40261
40262 40267
40269 40273
40277 40277
40325 40325
40332 40336
40348 40352
40362 40364
40365 40372
40374 40376
40392 40396
40399 40418
40466 40477
40478 40484
40490 40498
40507 40508
40527 40530
40542 40549
40578 40582
40587 40598
40598 40608
40616 40619
40620 40631
40633 40635
40645 40656
40657 40659
40664 40682
40682 40688
40700 40703
40720 40724
40725 40728
40735 40749
40750 40768
40769 40773
40777 40794
40796 40798
40808 40825
40828 40829
40833 40841
40847 40855
40868 40877
40892 40896
40900 40907
40911 40911
40921 40931
40932 40938
40956 40959
40983 40996
40997 41002
41016 41020
41027 41031
41033 41045
41049 41051
41052 41067
41070 41074
41085 41093
41108 41119
41122 41125
41127 41142
41145 41146
41157 41160
41160 41166
41171 41202
41212 41215
41226 41237
41240 41253
41258 41269
41281 41293
41309 41325
41333 41338
41345 41351
41352 41364
41371 41376
41387 41389
41392 41396
41427 41431
41452 41456
41457 41459
41460 41474
41478 41478
41482 41486
41502 41504
41507 41519
41519 41521
41527 41546
41547 41551
41552 41553
41565 41582
41606 41623
41624 41634
41638 41638
41650 41663
41679 41688
41732 41747
41750 41750
41752 41759
41761 41776
41782 41799
41804 41807
41808 41814
41825 41834
41863 41872
41877 41905
41921 41930
41949 41974
41974 41981
42024 42029
42040 42042
42047 42058
42061 42076
42083 42085
42090 42098
42100 42105
42127 42127
42129 42153
42160 42164
42175 42196
42202 42203
42204 42209
42209 42239
42255 42255
42260 42262
42263 42277
42279 42283
42286 42286
42294 42303
42304 42304
42307 42313
42326 42331
42338 42345
42347 42357
42359 42361
42362 42370
42402 42402
42406 42421
42425 42434
42434 42447
42453 42459
42465 42466
42468 42471
42472 42472
42487 42488
42490 42493
42516 42519
42529 42530
42544 42548
42580 42584
42599 42600
42603 42603
42606 42628
42640 42652
42654 42678
42680 42696
42700 42700
42717 42718
42729 42732
42733 42744
42760 42761
42767 42775
42788 42796
42805 42807
42825 42837
42844 42874
42877 42894
42932 42934
42935 42939
42944 42970
42979 42992
42992 42998
43039 43047
43063 43066
43072 43095
43098 43100
43110 43125
43130 43136
43137 43138
43165 43169
43172 43192
43192 43197
43200 43211
43232 43255
43266 43267
43275 43277
43288 43295
43314 43315
43330 43342
43347 43380
43385 43386
43395 43397
43417 43417
43435 43438
43464 43465
43466 43484
43489 43495
43503 43504
43506 43511
43532 43556
43557 43557
43562 43565
43571 43584
43587 43587
43599 43621
43647 43651
43651 43654
43661 43661
43666 43679
43692 43707
43712 43735
43735 43746
43753 43757
43761 43763
43768 43772
43780 43782
43783 43786
43800 43805
43818 43824
43825 43829
43840 43841
43843 43845
43859 43865
43871 43877
43887 43888
43899 43901
43902 43917
43949 43953
43961 43962
43967 43980
43986 43996
44002 44005
44006 44008
44008 44013
44014 44022
44043 44051
44053 44063
44087 44092
44098 44122
44141 44142
44142 44148
44152 44153
44156 44161
44167 44203
44221 44223
44231 44239
44244 44278
44286 44291
44295 44295
44298 44326
44332 44344
44352 44366
44367 44372
44380 44383
44394 44414
44448 44451
44452 44456
44473 44479
44479 44489
44491 44500
44513 44513
44520 44522
44532 44535
44556 44556
44559 44564
44568 44570
44571 44575
44576 44581
44587 44594
44597 44601
44613 44624
44624 44627
44628 44638
44646 44649
44652 44654
44657 44658
44664 44664
44670 44671
44677 44678
44691 44695
44700 44702
44708 44710
44716 44728
44752 44756
44757 44770
44778 44780
44785 44789
44812 44823
44846 44848
44866 44866
44885 44897
44899 44907
44910 44910
44916 44917
44920 44921
44926 44934
44939 44942
44947 44947
44948 44964
44980 44986
44987 44989
45006 45008
45018 45045
45048 45070
45082 45096
45101 45124
45128 45138
45148 45160
45162 45164
45179 45217
45229 45229
45229 45258
45265 45267
45269 45280
45293 45295
45307 45344
45345 45346
45348 45348
45352 45365
45375 45383
45388 45399
45413 45413
45414 45418
45440 45445
45446 45450
45456 45457
45458 45463
45469 45470
45472 45474
45477 45482
45499 45506
45525 45530
45536 45546
45551 45552
45554 45567
45585 45586
45592 45613
45638 45658
45661 45664
45671 45676
45695 45708
45710 45714
45724 45733
45741 45742
45744 45768
45779 45788
45801 45828
45835 45848
45852 45862
45879 45881
45882 45892
45893 45901
45912 45925
45925 45940
45941 45941
45956 45958
45978 45990
46004 46025
46032 46038
46041 46043
46046 46046
46083 46085
46087 46089
46092 46097
46099 46112
46113 46129
46136 46166
46167 46173
46173 46178
46182 46187
46188 46190
46198 46207
46216 46216
46219 46234
46243 46245
46260 46260
46329 46336
46349 46349
46353 46365
46379 46388
46392 46400
46416 46431
46435 46437
46438 46447
46447 46467
46469 46488
46523 46524
46529 46532
46534 46541
46553 46553
46558 46561
46568 46569
46570 46574
46578 46583
46592 46592
46607 46609
46615 46622
46628 46651
46656 46663
46665 46675
46686 46687
46699 46705
46705 46709
46719 46722
46724 46751
46767 46771
46772 46781
46786 46790
46796 46799
46800 46805
46807 46809
46815 46817
46822 46822
46828 46833
46834 46834
46836 46838
46863 46864
46876 46887
46922 46924
46924 46925
46927 46930
46936 46941
46945 46956
46988 46996
47013 47014
47039 47048
47062 47068
47074 47085
47100 47115
47132 47133
47147 47154
47155 47163
47179 47182
47190 47197
47219 47225
47234 47236
47247 47249
47259 47261
47265 47301
47302 47314
47318 47322
47324 47326
47331 47333
47334 47334
47336 47349
47359 47360
47373 47375
47382 47383
47388 47396
47396 47398
47421 47424
47447 47448
47466 47471
47472 47498
47502 47507
47513 47518
47524 47550
47553 47553
47557 47559
47563 47569
47572 47584
47591 47599
47613 47617
47628 47628
47629 47631
47633 47642
47651 47661
47665 47676
47688 47693
47695 47737
47752 47762
47771 47773
47780 47784
47784 47793
47799 47799
47830 47830
47838 47852
47858 47870
47878 47890
47890 47897
47898 47903
47910 47911
47929 47935
47940 47950
47957 47959
47982 47983
47984 47984
48000 48020
48024 48026
48033 48053
48055 48056
48060 48063
48067 48067
48072 48080
48084 48087
48088 48094
48101 48120
48138 48155
48161 48167
48170 48180
48198 48199
48212 48214
48215 48219
48219 48222
48230 48237
48269 48275
48277 48277
48279 48284
48303 48315
48318 48318
48322 48342
48348 48373
48387 48389
48395 48399
48415 48425
48425 48426
48433 48438
48456 48474
48475 48481
48482 48498
48500 48504
48510 48573
48581 48603
48606 48610
48620 48632
48635 48638
48644 48648
48653 48670
48683 48685
48692 48708
48709 48719
48751 48758
48758 48761
48772 48774
48774 48775
48794 48801
48814 48828
48832 48838
48847 48863
48877 48903
48904 48905
48924 48938
48948 48957
48961 48964
48969 48972
48980 49000
49005 49008
49010 49016
49018 49019
49023 49027
49031 49040
49051 49054
49062 49062
49079 49086
49093 49095
49104 49107
49110 49113
49127 49143
49146 49159
49162 49167
49167 49184
49196 49197
49199 49202
49208 49208
49216 49222
49228 49238
49260 49261
49265 49266
49271 49277
49279 49280
49283 49286
49304 49307
49328 49342
49354 49361
49373 49375
49380 49380
49380 49393
49397 49403
49403 49405
49407 49411
49417 49419
49425 49431
49454 49455
49456 49460
49461 49465
49468 49474
49492 49499
49501 49503
49511 49523
49530 49542
49550 49553
49556 49557
49557 49563
49571 49579
49586 49594
49595 49605
49610 49624
49628 49638
49641 49645
49663 49673
49673 49689
49694 49702
49719 49731
49732 49735
49735 49746
49772 49776
49778 49787
49787 49787
49814 49814
49818 49824
49840 49848
49854 49862
49872 49878
49883 49887
49893 49895
49896 49905
49913 49918
49932 49934
49943 49943
49944 49952
49965 49981
49986 49992
49992 50001
50001 50003
50010 50016
50025 50026
50026 50034
50037 50051
50060 50064
50066 50067
50067 50079
50086 50086
50087 50097
50109 50119
50130 50131
50165 50171
50179 50195
50201 50208
50215 50229
50235 50238
50239 50244
50254 50254
50264 50267
50272 50272
50274 50279
50297 50298
50298 50303
50311 50323
50347 50349
50349 50357
50361 50362
50373 50383
50384 50409
50416 50418
50424 50436
50452 50478
50480 50486
50489 50491
50501 50530
50545 50554
50564 50568
50581 50584
50587 50588
50596 50602
50607 50614
50624 50625
50626 50659
50663 50690
50699 50703
50706 50711
50712 50712
50716 50718
50723 50728
50738 50739
50740 50763
50768 50770
50785 50788
50790 50793
50800 50823
50824 50837
50841 50846
50854 50864
50872 50884
50891 50900
50906 50913
50919 50920
50928 50943
50946 50957
50960 50970
50973 50990
51010 51017
51019 51019
51027 51027
51036 51043
51046 51077
51081 51083
51088 51088
51092 51101
51104 51114
51132 51134
51183 51185
51187 51188
51190 51215
51215 51216
51230 51232
51233 51248
51257 51263
51265 51265
51267 51269
51270 51275
51279 51287
51288 51289
51296 51299
51308 51317
51318 51323
51327 51331
51340 51341
51347 51351
51351 51359
51365 51381
51392 51411
51415 51421
51478 51478
51479 51485
51489 51496
51498 51517
51520 51532
51556 51576
51583 51586
51595 51598
51610 51620
51628 51635
51648 51652
51654 51663
51663 51665
51665 51674
51677 51698
51706 51710
51729 51733
51736 51739
51747 51748
51753 51754
51755 51758
51759 51760
51771 51780
51790 51794
51812 51814
51826 51826
51840 51844
51847 51858
51859 51859
51867 51933
51937 51952
51955 51958
51960 51961
51965 51971
51977 51982
51994 52012
52031 52031
52033 52037
52047 52048
52051 52053
52076 52095
52104 52122
52136 52136
52154 52159
52182 52183
52188 52193
52194 52204
52205 52215
52218 52231
52238 52257
52262 52304
52310 52312
52314 52314
52319 52324
52343 52353
52355 52358
52431 52434
52440 52443
52459 52479
52481 52486
52507 52523
52530 52538
52540 52545
52566 52586
52590 52599
52624 52647
52656 52659
52664 52666
52672 52679
52683 52689
52704 52706
52722 52735
52752 52758
52762 52765
52771 52771
52783 52786
52800 52800
52804 52804
52807 52829
52841 52846
52851 52853
52856 52857
52864 52870
52884 52900
52901 52906
52907 52909
52909 52917
52923 52938
52942 52943
52961 52964
52966 52976
52980 52994
53001 53031
53037 53053
53060 53060
53067 53067
53072 53084
53090 53105
53107 53110
53118 53120
53122 53138
53189 53190
53194 53205
53211 53215
53220 53220
53228 53247
53252 53264
53271 53286
53293 53320
53320 53329
53338 53344
53345 53349
53354 53364
53365 53367
53372 53384
53399 53404
53427 53430
53431 53431
53434 53448
53452 53453
53459 53478
53500 53513
53514 53520
53533 53535
53544 53555
53557 53569
53580 53585
53592 53604
53608 53613
53614 53622
53626 53656
53661 53665
53667 53677
53702 53717
53722 53725
53725 53727
53731 53748
53753 53753
53763 53764
53774 53775
53777 53784
53800 53808
53811 53812
53821 53829
53831 53843
53853 53853
53859 53868
53871 53894
53898 53900
53902 53914
53924 53948
53948 53953
53963 53965
53967 53971
53983 53988
53988 53991
53997 54000
54019 54024
54025 54028
54033 54043
54044 54049
54050 54061
54071 54072
54080 54084
54086 54103
54113 54125
54128 54138
54153 54165
54176 54183
54190 54197
54197 54205
54212 54212
54238 54246
54259 54280
54283 54285
54293 54313
54319 54326
54335 54346
54349 54361
54362 54363
54366 54369
54373 54379
54398 54418
54422 54425
54429 54438
54449 54452
54454 54462
54473 54480
54485 54492
54496 54498
54498 54504
54569 54579
54583 54583
54585 54587
54607 54618
54631 54637
54637 54643
54652 54657
54666 54679
54680 54680
54682 54683
54700 54712
54716 54734
54737 54741
54764 54764
54769 54774
54774 54775
54780 54804
54810 54813
54814 54818
54822 54829
54833 54841
54859 54868
54868 54871
54879 54898
54904 54909
54910 54913
54920 54931
54939 54954
54961 54964
54972 54974
54979 54994
54998 55010
55010 55024
55034 55034
55048 55057
55069 55081
55088 55107
55131 55133
55134 55157
55161 55172
55172 55179
55213 55217
55237 55237
55247 55270
55274 55291
55297 55302
55303 55323
55354 55359
55360 55361
55365 55370
55374 55381
55384 55385
55402 55404
55409 55413
55415 55438
55442 55446
55447 55447
55462 55462
55463 55475
55481 55482
55505 55511
55520 55521
55531 55532
55540 55545
55555 55566
55571 55575
55576 55580
55588 55608
55619 55619
55621 55622
55634 55657
55666 55673
55677 55683
55685 55686
55701 55704
55736 55745
55791 55824
55840 55845
55849 55859
55863 55863
55908 55928
55933 55940
55944 55948
55972 55977
55977 55991
55993 56005
56013 56017
56027 56033
56042 56057
56071 56071
56078 56080
56090 56126
56130 56136
56137 56139
56144 56155
56156 56166
56168 56181
56193 56195
56200 56201
56218 56239
56245 56260
56261 56266
56280 56281
56288 56307
56309 56342
56346 56358
56366 56368
56380 56384
56392 56396
56397 56406
56413 56415
56423 56427
56433 56454
56481 56487
56487 56500
56515 56522
56522 56559
56560 56561
56576 56581
56591 56600
56615 56616
56619 56638
56652 56665
56666 56671
56673 56678
56680 56685
56693 56707
56710 56712
56733 56751
56766 56767
56778 56818
56818 56826
56836 56840
56852 56875
56876 56877
56896 56899
56907 56913
56915 56930
56931 56933
56939 56954
56958 56964
56971 56974
56991 57012
57022 57025
57044 57046
57052 57064
57073 57078
57088 57093
57096 57100
57102 57105
57108 57118
57121 57126
57132 57154
57160 57171
57182 57186
57198 57200
57220 57231
57235 57243
57248 57253
57263 57267
57279 57281
57283 57342
57374 57376
57379 57382
57389 57390
57391 57392
57394 57397
57405 57411
57428 57428
57452 57461
57470 57474
57477 57480
57491 57498
57500 57511
57516 57519
57520 57526
57529 57530
57530 57560
57575 57579
57584 57604
57608 57612
57615 57620
57620 57629
57630 57654
57677 57695
57729 57730
57742 57747
57753 57764
57774 57789
57793 57804
57811 57814
57822 57834
57836 57836
57837 57852
57856 57859
57861 57878
57893 57897
57906 57909
57932 57932
57948 57951
57973 58005
58007 58016
58024 58056
58067 58080
58088 58089
58089 58089
58100 58100
58102 58104
58107 58111
58117 58140
58143 58150
58161 58164
58175 58182
58186 58189
58189 58223
58227 58230
58232 58235
58236 58238
58243 58251
58259 58280
58282 58282
58284 58285
58293 58298
58306 58313
58318 58321
58338 58342
58345 58349
58355 58359
58364 58375
58375 58406
58406 58412
58414 58421
58433 58436
58444 58445
58457 58465
58473 58481
58483 58490
58497 58519
58529 58530
58543 58552
58569 58580
58581 58584
58590 58590
58600 58612
58613 58625
58626 58641
58644 58646
58654 58659
58674 58675
58682 58684
58684 58709
58709 58718
58723 58726
58747 58755
58756 58768
58770 58771
58773 58776
58779 58781
58784 58791
58810 58812
58829 58831
58840 58841
58850 58851
58887 58897
58915 58916
58919 58921
58926 58927
58937 58951
58972 58973
58974 58979
58979 58993
58993 59008
59011 59016
59018 59019
59022 59031
59034 59034
59040 59053
59055 59074
59096 59108
59108 59109
59118 59119
59131 59133
59196 59197
59201 59204
59209 59212
59218 59224
59233 59249
59262 59264
59273 59281
59282 59287
59291 59291
59293 59300
59301 59311
59325 59328
59328 59332
59341 59350
59354 59365
59369 59376
59381 59384
59387 59405
59419 59434
59448 59474
59476 59477
59481 59484
59491 59492
59497 59524
59533 59544
59561 59573
59574 59587
59590 59594
59596 59597
59611 59614
59616 59616
59622 59645
59648 59655
59662 59662
59679 59687
59696 59701
59701 59710
59712 59733
59739 59740
59740 59742
59744 59752
59754 59754
59763 59764
59776 59786
59792 59808
59812 59813
59847 59847
59853 59855
59857 59861
59872 59873
59875 59890
59891 59895
59921 59924
59926 59928
59937 59980
59982 59982
59987 60019
60029 60032
60042 60048
60060 60060
60064 60064
60065 60078
60086 60087
60094 60099
60100 60106
60109 60111
60116 60118
60131 60145
60148 60150
60152 60165
60177 60186
60188 60192
60194 60196
60238 60241
60259 60262
60274 60280
60304 60314
60324 60325
60332 60343
60345 60351
60353 60361
60370 60371
60382 60398
60413 60416
60417 60419
60429 60430
60439 60478
60479 60498
60500 60504
60506 60512
60520 60525
60554 60569
60583 60586
60590 60595
60597 60609
60611 60630
60631 60634
60667 60669
60670 60674
60683 60687
60693 60701
60704 60706
60715 60745
60748 60781
60801 60810
60838 60838
60849 60854
60858 60858
60867 60896
60903 60924
60931 60931
60958 60968
60971 60972
61004 61015
61016 61017
61029 61030
61041 61056
61068 61068
61069 61073
61091 61092
61098 61101
61101 61107
61122 61126
61128 61145
61173 61176
61185 61188
61190 61193
61208 61246
61249 61263
61276 61276
61280 61285
61302 61311
61313 61315
61331 61336
61363 61365
61366 61368
61376 61396
61403 61410
61420 61441
61444 61455
61464 61475
61479 61487
61492 61499
61499 61507
61523 61524
61529 61543
61543 61545
61545 61549
61549 61551
61559 61598
61617 61620
61624 61629
61656 61669
61676 61683
61691 61691
61702 61702
61716 61731
61733 61734
61738 61741
61755 61758
61759 61766
61771 61778
61781 61783
61804 61804
61805 61815
61819 61838
61851 61865
61871 61891
61893 61911
61914 61919
61925 61952
61955 61958
61959 61960
61966 61974
61976 61986
61993 62002
62029 62029
62030 62030
62039 62044
62056 62087
62090 62091
62104 62105
62111 62112
62113 62119
62129 62134
62140 62141
62144 62149
62155 62156
62163 62173
62195 62205
62209 62217
62233 62243
62253 62254
62266 62270
62282 62283
62299 62310
62327 62339
62350 62354
62362 62365
62369 62370
62387 62389
62399 62405
62412 62423
62446 62446
62450 62461
62474 62506
62508 62512
62525 62547
62562 62570
62575 62581
62581 62583
62599 62603
62608 62610
62613 62615
62640 62642
62647 62651
62652 62656
62677 62680
62695 62700
62716 62723
62743 62755
62762 62770
62774 62786
62794 62796
62807 62808
62824 62827
62841 62841
62860 62864
62878 62879
62886 62897
62900 62911
62913 62923
62969 62977
62980 62988
62990 62997
63003 63004
63020 63022
63027 63028
63035 63046
63052 63057
63061 63061
63075 63076
63076 63083
63096 63101
63115 63135
63149 63152
63153 63167
63177 63179
63203 63209
63210 63212
63214 63223
63224 63226
63237 63240
63247 63255
63284 63298
63303 63305
63309 63324
63330 63330
63338 63346
63348 63354
63355 63356
63359 63361
63367 63367
63369 63371
63372 63373
63376 63382
63403 63416
63452 63457
63458 63466
63469 63470
63472 63499
63533 63540
63558 63560
63562 63570
63576 63585
63600 63607
63611 63623
63676 63685
63687 63692
63692 63695
63695 63695
63697 63697
63699 63715
63716 63722
63739 63741
63750 63759
63771 63776
63796 63833
63849 63854
63870 63895
63901 63910
63922 63933
63938 63946
63978 63987
63987 63992
64002 64004
64018 64019
64032 64038
64040 64044
64064 64067
64092 64096
64109 64130
64137 64139
64140 64160
64161 64193
64206 64208
64213 64220
64223 64227
64228 64244
64278 64281
64290 64291
64298 64300
64301 64313
64316 64324
64325 64325
64334 64335
64349 64351
64355 64369
64370 64374
64383 64393
64410 64433
64465 64470
64479 64488
64489 64491
64502 64503
64505 64507
64536 64560
64578 64578
64609 64612
64616 64629
64647 64649
64656 64665
64669 64688
64689 64691
64702 64733
64740 64743
64744 64748
64768 64772
64774 64793
64796 64808
64811 64811
64816 64828
64830 64852
64870 64872
64873 64874
64878 64883
64885 64887
64895 64919
64925 64936
64943 64946
64951 64968
64969 64982
64986 64995
64998 65024
65024 65035
65039 65041
65044 65062
65073 65083
65084 65088
65100 65112
65128 65132
65137 65138
65140 65143
65146 65158
65166 65172
65177 65199
65216 65228
65230 65234
65235 65253
65277 65281
65292 65316
65327 65335
65359 65386
65388 65399
65404 65411
65421 65430
65441 65451
65474 65481
65496 65497
65501 65502
65502 65549
65552 65559
65582 65586
65590 65603
65625 65634
65643 65649
65652 65654
65664 65695
65700 65708
65709 65741
65742 65752
65764 65782
65782 65783
65810 65815
65829 65833
65857 65864
65878 65885
65886 65907
65930 65935
65935 65946
65953 65957
65970 65972
65976 65989
65995 66015
66018 66022
66031 66043
66058 66066
66080 66099
66113 66119
66120 66151
66156 66163
66167 66181
66183 66186
66209 66214
66231 66238
66252 66263
66270 66275
66284 66290
66292 66295
66341 66343
66371 66372
66375 66379
66388 66404
66412 66436
66436 66442
66452 66462
66470 66476
66481 66488
66489 66504
66510 66520
66551 66554
66561 66565
66566 66566
66568 66589
66592 66594
66596 66603
66606 66613
66613 66622
66625 66628
66629 66635
66658 66661
66668 66669
66681 66686
66690 66693
66706 66710
66717 66727
66729 66730
66744 66744
66744 66744
66753 66760
66767 66811
66819 66828
66831 66841
66848 66858
66860 66863
66865 66872
66884 66885
66886 66889
66899 66908
66916 66917
66918 66919
66922 66933
66934 66937
66953 66953
66956 66958
66958 66961
66971 66982
66983 66986
66989 66990
67001 67002
67010 67010
67013 67021
67021 67030
67032 67035
67037 67046
67056 67056
67058 67059
67063 67065
67068 67069
67074 67078
67084 67089
67112 67117
67125 67133
67146 67159
67167 67181
67181 67188
67193 67201
67206 67213
67218 67227
67231 67233
67236 67249
67252 67252
67256 67258
67262 67262
67278 67287
67296 67317
67324 67326
67336 67350
67350 67354
67369 67371
67372 67376
67382 67382
67391 67396
67407 67407
67413 67413
67421 67422
67424 67437
67469 67469
67475 67480
67481 67481
67484 67486
67493 67519
67521 67534
67540 67543
67545 67546
67546 67558
67564 67571
67576 67585
67600 67609
67613 67615
67624 67630
67651 67652
67658 67673
67690 67697
67704 67713
67728 67749
67773 67784
67795 67797
67809 67821
67834 67849
67851 67852
67856 67858
67859 67868
67889 67898
67907 67911
67912 67913
67936 67940
67944 67953
67976 67976
67976 67980
67981 67997
67998 68017
68043 68048
68067 68069
68086 68089
68110 68112
68113 68136
68147 68152
68153 68162
68199 68201
68207 68236
68249 68250
68260 68273
68277 68281
68289 68293
68322 68332
68335 68340
68340 68341
68347 68348
68356 68360
68360 68378
68378 68386
68388 68389
68391 68396
68397 68413
68418 68419
68428 68434
68445 68467
68472 68497
68505 68506
68543 68544
68551 68559
68563 68563
68566 68587
68589 68592
68599 68611
68637 68640
68663 68671
68677 68681
68682 68683
68689 68689
68704 68706
68713 68714
68721 68726
68728 68729
68748 68758
68773 68778
68799 68808
68816 68820
68824 68824
68828 68830
68842 68857
68871 68882
68887 68889
68891 68897
68912 68913
68918 68922
68939 68939
68954 68964
68969 68977
68985 68992
69001 69005
69029 69051
69064 69086
69093 69096
69102 69102
69103 69104
69110 69113
69125 69176
69178 69182
69184 69190
69192 69197
69200 69200
69203 69203
69206 69207
69224 69226
69240 69246
69249 69266
69277 69278
69279 69288
69326 69328
69329 69334
69339 69340
69349 69385
69393 69394
69399 69433
69440 69444
69445 69451
69454 69455
69457 69474
69476 69504
69505 69507
69510 69530
69532 69535
69549 69571
69584 69584
69589 69589
69599 69603
69631 69633
69678 69681
69693 69717
69745 69745
69764 69768
69777 69782
69785 69789
69795 69815
69831 69836
69843 69869
69880 69889
69890 69893
69894 69896
69899 69900
69904 69922
69924 69941
69954 69964
69969 69970
69975 69979
69981 69982
69985 69985
69987 69990
69995 70004
70015 70019
70029 70034
70060 70070
70070 70072
70080 70082
70096 70104
70105 70116
70125 70130
70132 70134
70138 70140
70145 70149
70149 70150
70158 70180
70193 70203
70205 70205
70228 70228
70245 70247
70255 70271
70275 70276
70282 70294
70309 70309
70310 70312
70317 70332
70337 70348
70359 70363
70369 70371
70392 70395
70397 70397
70433 70439
70451 70453
70457 70462
70480 70483
70483 70495
70498 70502
70509 70511
70512 70514
70532 70536
70543 70575
70576 70581
70591 70591
70602 70602
70608 70615
70618 70625
70650 70651
70659 70672
70675 70683
70692 70702
70704 70706
70721 70742
70757 70761
70763 70776
70779 70782
70787 70789
70801 70814
70840 70842
70848 70867
70881 70886
70893 70896
70909 70923
70937 70938
70953 70954
70968 70970
70990 70993
70995 71014
71020 71029
71032 71044
71053 71058
71068 71068
71098 71108
71112 71112
71115 71120
71126 71130
71138 71157
71169 71171
71177 71181
71187 71198
71205 71208
71210 71211
71218 71227
71236 71252
71260 71264
71272 71280
71282 71283
71297 71303
71314 71336
71337 71342
71359 71366
71371 71374
71379 71390
71398 71400
71417 71431
71454 71457
71481 71488
71488 71507
71519 71523
71526 71537
71544 71545
71550 71553
71557 71568
71575 71576
71589 71592
71610 71615
71627 71627
71628 71631
71634 71642
71642 71647
71650 71653
71661 71664
71682 71683
71688 71689
71690 71696
71716 71726
71737 71744
71745 71747
71753 71754
71759 71768
71780 71790
71791 71806
71808 71811
71832 71832
71840 71843
71845 71869
71882 71886
71886 71887
71915 71923
71932 71933
71934 71939
71950 71962
71990 71990
71994 71995
72008 72011
72020 72033
72050 72055
72069 72071
72077 72080
72084 72091
72095 72109
72114 72115
72125 72127
72130 72131
72139 72142
72147 72156
72158 72161
72181 72213
72225 72235
72240 72243
72244 72247
72255 72255
72259 72290
72297 72303
72309 72316
72325 72328
72333 72335
72354 72362
72381 72387
72403 72414
72439 72475
72493 72498
72503 72509
72521 72526
72532 72544
72547 72567
72595 72597
72601 72621
72624 72642
72654 72656
72663 72674
72675 72689
72689 72689
72693 72703
72709 72714
72714 72736
72740 72753
72766 72769
72784 72788
72795 72798
72799 72806
72814 72815
72817 72818
72824 72832
72843 72863
72878 72891
72897 72906
72911 72928
72939 72944
72945 72950
72967 72969
72969 72972
72977 73005
73010 73049
73051 73053
73054 73056
73060 73065
73067 73071
73074 73074
73078 73080
73084 73084
73096 73099
73106 73109
73110 73122
73123 73134
73142 73143
73144 73156
73163 73169
73176 73177
73190 73191
73195 73197
73203 73218
73219 73235
73250 73255
73265 73269
73273 73278
73286 73289
73292 73305
73312 73320
73321 73324
73332 73336
73341 73342
73344 73356
73366 73388
73396 73397
73398 73404
73418 73418
73422 73424
73470 73472
73497 73508
73512 73526
73530 73563
73567 73572
73573 73592
73595 73603
73603 73604
73620 73626
73632 73637
73652 73655
73659 73662
73679 73681
73681 73685
73705 73710
73712 73719
73727 73735
73739 73746
73747 73750
73750 73759
73777 73783
73792 73817
73817 73831
73850 73872
73884 73891
73894 73903
73905 73911
73913 73919
73935 73946
73948 73948
73954 73954
73956 73962
73976 73982
73986 73987
73995 73996
73998 73999
74009 74012
74046 74047
74050 74054
74058 74084
74085 74086
74089 74098
74113 74125
74132 74162
74171 74188
74189 74192
74223 74223
74229 74233
74237 74239
74241 74243
74243 74250
74258 74258
74261 74279
74294 74298
74303 74303
74318 74322
74322 74326
74327 74332
74338 74338
74346 74357
74359 74366
74382 74394
74399 74400
74404 74404
74418 74424
74428 74430
74440 74442
74451 74478
74480 74495
74498 74511
74514 74522
74524 74532
74536 74563
74564 74568
74568 74581
74582 74590
74610 74611
74612 74632
74637 74638
74644 74644
74646 74647
74647 74648
74650 74651
74669 74674
74679 74680
74688 74701
74704 74720
74723 74727
74736 74738
74741 74749
74761 74775
74786 74791
74793 74800
74830 74837
74842 74854
74856 74870
74880 74881
74884 74888
74910 74915
74921 74921
74921 74925
74942 74946
74959 74964
74968 74975
74976 74980
74982 74983
74997 75015
75026 75030
75043 75044
75052 75062
75068 75068
75081 75085
75091 75094
75097 75106
75117 75137
75142 75156
75163 75164
75172 75194
75195 75197
75207 75212
75222 75224
75227 75228
75236 75237
75239 75245
75246 75260
75281 75292
75308 75309
75317 75325
75329 75334
75336 75342
75351 75354
75370 75379
75389 75395
75400 75410
75421 75428
75430 75438
75438 75463
75467 75472
75486 75516
75544 75550
75557 75591
75593 75611
75617 75632
75637 75638
75649 75660
75664 75673
75681 75682
75687 75691
75695 75698
75715 75723
75734 75755
75756 75757
75779 75794
75800 75807
75811 75815
75818 75829
75833 75837
75839 75842
75854 75866
75869 75870
75880 75888
75893 75906
75912 75920
75925 75928
75941 75941
75944 75961
75963 75966
75967 75970
75970 75980
75984 75992
75998 76018
76024 76028
76032 76038
76045 76048
76048 76050
76055 76064
76066 76079
76079 76085
76089 76095
76102 76105
76106 76108
76115 76121
76121 76122
76148 76161
76161 76188
76191 76199
76199 76204
76235 76235
76248 76255
76257 76260
76264 76264
76267 76272
76275 76309
76317 76322
76328 76329
76330 76338
76343 76344
76348 76351
76359 76371
76374 76382
76386 76389
76391 76395
76405 76416
76418 76469
76476 76487
76490 76491
76496 76499
76504 76510
76513 76528
76529 76558
76573 76581
76582 76593
76607 76609
76610 76624
76631 76636
76646 76649
76671 76671
76675 76679
76684 76696
76718 76759
76760 76762
76768 76768
76776 76807
76815 76837
76857 76871
76875 76875
76876 76901
76904 76915
76929 76932
76955 76956
76963 76997
77007 77007
77012 77020
77024 77031
77041 77054
77061 77064
77072 77096
77102 77103
77113 77116
77117 77134
77163 77165
77168 77191
77192 77196
77211 77224
77239 77239
77244 77246
77258 77268
77280 77294
77297 77298
77301 77303
77334 77340
77344 77373
77375 77380
77387 77388
77388 77391
77418 77420
77424 77433
77443 77459
77462 77465
77479 77482
77511 77551
77554 77561
77563 77591
77598 77607
77626 77635
77643 77645
77660 77665
77690 77691
77698 77706
77718 77735
77758 77769
77777 77780
77798 77813
77816 77818
77835 77840
77847 77853
77893 77914
77914 77930
77944 77948
77967 77974
77983 77986
78000 78003
78010 78033
78060 78078
78097 78097
78105 78117
78118 78121
78140 78140
78140 78144
78166 78168
78171 78172
78186 78204
78218 78226
78242 78254
78255 78260
78262 78275
78283 78289
78293 78309
78319 78320
78331 78332
78337 78337
78338 78357
78359 78379
78380 78407
78416 78440
78444 78446
78449 78454
78456 78457
78487 78490
78494 78495
78496 78505
78516 78524
78527 78531
78531 78532
78539 78542
78544 78547
78553 78566
78567 78569
78580 78581
78588 78635
78637 78643
78644 78653
78654 78655
78674 78674
78706 78715
78720 78723
78734 78736
78736 78741
78742 78744
78746 78753
78758 78772
78774 78789
78820 78841
78844 78848
78850 78868
78875 78878
78881 78883
78884 78887
78895 78898
78901 78906
78913 78952
78957 78958
78971 78980
79005 79007
79022 79041
79046 79051
79060 79068
79087 79090
79094 79098
79104 79107
79109 79118
79125 79126
79137 79151
79156 79167
79172 79192
79193 79206
79206 79224
79235 79235
79243 79246
79249 79255
79260 79291
79295 79309
79314 79315
79319 79319
79320 79324
79327 79333
79343 79346
79346 79347
79347 79353
79354 79355
79379 79384
79385 79393
79393 79396
79424 79429
79441 79442
79448 79452
79455 79457
79460 79461
79463 79474
79476 79491
79499 79502
79528 79549
79563 79564
79574 79580
79598 79606
79615 79629
79652 79664
79673 79676
79681 79695
79696 79705
79706 79712
79715 79717
79722 79725
79733 79736
79737 79741
79741 79749
79771 79776
79788 79793
79798 79799
79810 79810
79820 79821
79828 79834
79835 79838
79844 79851
79861 79872
79873 79873
79882 79885
79885 79904
79915 79931
79932 79932
79957 79969
79974 79979
79979 80020
80037 80039
80042 80045
80052 80055
80060 80061
80069 80073
80088 80109
80115 80118
80118 80122
80126 80136
80143 80144
80144 80149
80155 80159
80162 80162
80164 80178
80195 80198
80200 80201
80217 80223
80240 80252
80257 80261
80261 80270
80290 80296
80315 80316
80320 80322
80332 80361
80378 80379
80380 80385
80419 80434
80449 80460
80478 80481
80519 80520
80528 80543
80545 80548
80561 80592
80604 80616
80621 80627
80642 80660
80661 80663
80668 80669
80670 80682
80684 80685
80713 80714
80718 80723
80729 80735
80749 80752
80765 80774
80789 80800
80810 80811
80812 80815
80818 80829
80829 80831
80836 80838
80851 80865
80872 80897
80902 80909
80913 80914
80915 80924
80930 80932
80932 80939
80950 80957
80985 80993
81015 81032
81037 81039
81041 81055
81056 81060
81065 81066
81072 81082
81096 81097
81116 81136
81136 81140
81141 81150
81150 81156
81170 81174
81179 81182
81190 81191
81206 81210
81213 81215
81228 81232
81234 81240
81243 81257
81266 81278
81285 81286
81289 81294
81301 81303
81310 81317
81320 81343
81356 81357
81363 81367
81369 81373
81387 81387
81391 81400
81404 81406
81410 81414
81419 81427
81435 81438
81444 81448
81451 81454
81484 81484
81484 81493
81498 81499
81509 81521
81536 81541
81549 81560
81571 81579
81579 81584
81606 81614
81616 81632
81636 81645
81651 81663
81672 81674
81681 81683
81685 81689
81690 81694
81707 81716
81718 81719
81758 81762
81769 81778
81785 81786
81790 81814
81816 81821
81826 81826
81837 81852
81863 81863
81873 81883
81883 81889
81890 81908
81920 81930
81947 81947
81951 81956
81963 81970
81971 81971
81985 81986
81991 82002
82015 82036
82060 82060
82061 82077
82138 82141
82145 82177
82180 82182
82189 82210
82215 82227
82229 82238
82239 82248
82253 82262
82265 82266
82269 82275
82277 82299
82323 82325
82329 82331
82337 82339
82343 82346
82350 82358
82367 82388
82407 82408
82422 82423
82431 82438
82456 82459
82463 82469
82472 82474
82496 82500
82515 82516
82520 82527
82529 82535
82536 82546
82555 82556
82558 82561
82593 82594
82595 82598
82606 82607
82615 82620
82623 82627
82655 82657
82659 82661
82667 82688
82695 82702
82704 82708
82733 82735
82735 82740
82754 82771
82782 82785
82798 82814
82815 82816
82819 82825
82831 82835
82840 82847
82850 82853
82880 82891
82892 82896
82909 82939
82943 82952
82954 82961
82988 82992
82994 83000
83016 83017
83022 83031
83033 83040
83041 83045
83053 83081
83091 83099
83106 83130
83132 83159
83166 83169
83188 83191
83197 83213
83220 83230
83233 83234
83241 83242
83261 83264
83266 83268
83276 83283
83290 83293
83295 83305
83316 83322
83324 83332
83354 83363
83401 83419
83421 83430
83434 83445
83452 83455
83467 83478
83478 83490
83496 83506
83525 83547
83556 83557
83559 83579
83579 83580
83581 83582
83585 83589
83605 83618
83628 83634
83652 83695
83710 83713
83713 83739
83751 83823
83828 83834
83842 83847
83855 83856
83865 83873
83881 83881
83889 83890
83896 83898
83905 83906
83910 83913
83922 83927
83930 83961
83962 83965
83966 83968
83969 83977
83985 83988
83993 83995
83995 83997
83997 84001
84008 84017
84018 84040
84045 84046
84049 84057
84064 84065
84075 84089
84091 84091
84103 84111
84116 84117
84117 84132
84146 84147
84151 84161
84168 84186
84190 84196
84196 84225
84225 84232
84232 84234
84237 84251
84266 84269
84311 84320
84324 84330
84331 84340
84343 84346
84350 84353
84362 84369
84372 84383
84393 84393
84399 84406
84408 84425
84440 84442
84445 84447
84448 84470
84471 84474
84476 84492
84499 84512
84514 84523
84523 84534
84555 84557
84560 84563
84576 84587
84623 84636
84658 84663
84673 84676
84676 84678
84685 84690
84696 84700
84702 84715
84724 84724
84730 84753
84755 84769
84795 84801
84812 84814
84823 84830
84854 84862
84871 84885
84889 84891
84893 84893
84898 84907
84910 84917
84921 84923
84936 84941
84960 84961
84983 84989
84997 85000
85005 85017
85017 85036
85043 85046
85084 85086
85089 85091
85091 85093
85109 85115
85118 85120
85130 85148
85162 85168
85192 85229
85230 85251
85260 85266
85281 85283
85296 85297
85297 85299
85305 85310
85323 85346
85347 85358
85358 85363
85373 85377
85378 85379
85386 85387
85398 85411
85413 85419
85419 85424
85429 85438
85466 85473
85473 85475
85524 85524
85528 85528
85540 85551
85554 85565
85565 85579
85579 85580
85581 85586
85596 85601
85613 85619
85621 85623
85623 85625
85640 85643
85645 85670
85671 85682
85684 85698
85704 85704
85709 85716
85717 85734
85739 85739
85747 85752
85755 85757
85765 85768
85785 85790
85800 85806
85812 85813
85826 85835
85835 85837
85847 85868
85875 85887
85889 85892
85898 85898
85918 85919
85931 85940
85949 85953
85962 85963
85975 85986
85994 86000
86010 86014
86037 86062
86066 86070
86080 86081
86087 86088
86094 86097
86119 86133
86138 86139
86172 86173
86201 86209
86211 86213
86214 86225
86258 86259
86259 86261
86265 86269
86290 86295
86297 86297
86320 86326
86338 86343
86344 86354
86354 86358
86369 86380
86380 86381
86385 86388
86394 86399
86400 86400
86402 86409
86413 86436
86450 86450
86455 86490
86495 86508
86518 86524
86533 86533
86541 86543
86552 86555
86587 86594
86595 86606
86607 86610
86617 86633
86634 86644
86645 86647
86648 86666
86684 86692
86697 86703
86709 86712
86713 86722
86728 86736
86737 86737
86743 86764
86797 86811
86834 86838
86862 86864
86864 86866
86867 86893
86897 86912
86914 86918
86931 86944
86948 86979
87000 87019
87028 87034
87037 87052
87055 87071
87074 87075
87077 87077
87083 87091
87106 87109
87110 87112
87133 87137
87138 87186
87189 87194
87203 87232
87240 87245
87266 87280
87281 87297
87330 87330
87330 87340
87350 87351
87352 87352
87364 87365
87367 87371
87386 87387
87388 87393
87393 87398
87398 87402
87402 87405
87422 87429
87432 87434
87434 87448
87479 87489
87490 87502
87502 87503
87504 87530
87542 87558
87559 87573
87574 87584
87592 87642
87652 87656
87658 87671
87686 87691
87693 87706
87715 87719
87721 87724
87726 87729
87730 87734
87738 87756
87770 87775
87776 87776
87790 87793
87807 87817
87823 87830
87841 87841
87850 87862
87871 87894
87895 87922
87926 87932
87947 87951
87953 87960
87983 87989
87991 87997
88005 88005
88013 88026
88030 88034
88039 88039
88044 88052
88055 88074
88075 88086
88102 88103
88107 88111
88117 88125
88128 88134
88146 88169
88170 88184
88204 88206
88215 88221
88231 88231
88232 88257
88264 88265
88267 88273
88278 88283
88289 88293
88304 88312
88323 88361
88363 88383
88396 88398
88427 88433
88439 88444
88445 88450
88455 88458
88469 88496
88499 88509
88527 88537
88539 88541
88543 88546
88568 88571
88572 88575
88579 88586
88595 88606
88615 88639
88645 88654
88663 88670
88710 88725
88725 88729
88732 88738
88743 88762
88769 88781
88788 88793
88800 88803
88805 88812
88819 88833
88863 88864
88870 88878
88889 88892
88897 88900
88920 88937
88944 88950
88967 88972
89005 89017
89025 89030
89032 89034
89043 89043
89044 89045
89050 89055
89075 89076
89099 89107
89108 89116
89123 89130
89136 89138
89140 89156
89172 89177
89189 89190
89204 89219
89230 89239
89241 89245
89257 89268
89277 89279
89292 89308
89326 89326
89327 89328
89331 89346
89379 89381
89395 89411
89415 89419
89430 89436
89436 89442
89454 89456
89465 89478
89480 89490
89498 89501
89536 89537
89556 89567
89572 89575
89575 89586
89589 89596
89598 89598
89600 89602
89607 89611
89619 89620
89620 89621
89631 89631
89638 89648
89655 89657
89687 89691
89694 89700
89703 89708
89715 89718
89724 89735
89758 89759
89765 89769
89772 89775
89792 89807
89807 89816
89828 89830
89831 89847
89848 89853
89855 89862
89865 89893
89912 89928
89936 89951
89956 89963
89983 89988
89992 89993
90034 90040
90048 90049
90054 90055
90055 90063
90074 90081
90082 90083
90084 90091
90099 90114
90121 90125
90130 90140
90142 90152
90158 90171
90180 90190
90190 90190
90191 90193
90208 90213
90219 90225
90230 90247
90258 90259
90260 90268
90272 90280
90289 90309
90321 90326
90356 90357
90372 90404
90415 90428
90429 90436
90438 90445
90451 90473
90485 90492
90497 90507
90537 90545
90553 90570
90590 90598
90608 90615
90626 90628
90631 90640
90645 90648
90660 90661
90666 90671
90674 90681
90691 90692
90697 90700
90715 90722
90730 90733
90743 90757
90759 90761
90763 90763
90777 90796
90798 90810
90817 90824
90829 90834
90841 90844
90849 90853
90856 90865
90867 90872
90877 90879
90893 90904
90912 90915
90922 90924
90932 90986
91004 91006
91009 91009
91014 91016
91029 91034
91039 91047
91049 91064
91075 91081
91089 91089
91091 91092
91109 91112
91114 91123
91127 91130
91130 91161
91213 91222
91228 91238
91242 91242
91247 91255
91270 91272
91276 91307
91312 91313
91317 91348
91376 91383
91404 91408
91428 91430
91431 91431
91433 91439
91441 91446
91449 91454
91462 91470
91481 91491
91498 91502
91519 91521
91524 91535
91541 91543
91564 91582
91597 91602
91620 91627
91628 91637
91647 91657
91658 91669
91687 91689
91703 91705
91707 91710
91713 91715
91720 91724
91724 91725
91731 91738
91739 91744
91745 91759
91762 91764
91787 91788
91802 91804
91806 91809
91815 91816
91836 91843
91844 91855
91861 91861
91876 91878
91880 91881
91894 91902
91919 91927
91929 91937
91963 91969
91969 91975
91980 91983
91987 91991
91993 92004
92008 92009
92013 92015
92016 92021
92035 92049
92067 92081
92083 92088
92110 92113
92124 92128
92129 92129
92130 92131
92147 92158
92165 92169
92188 92217
92227 92228
92261 92271
92274 92288
92332 92336
92352 92355
92355 92365
92378 92381
92383 92384
92386 92387
92390 92397
92401 92414
92415 92419
92423 92424
92441 92441
92446 92447
92450 92456
92456 92458
92460 92464
92477 92478
92481 92482
92491 92497
92509 92513
92518 92530
92545 92547
92554 92588
92589 92598
92607 92615
92618 92620
92630 92632
92652 92658
92674 92689
92719 92726
92728 92734
92745 92772
92774 92780
92790 92791
92794 92808
92817 92828
92831 92834
92848 92863
92866 92867
92870 92903
92908 92913
92917 92923
92924 92931
92932 92936
92937 92941
92969 92976
92994 93002
93007 93013
93028 93030
93052 93059
93084 93085
93089 93109
93121 93132
93135 93148
93150 93168
93173 93179
93181 93196
93204 93218
93224 93224
93225 93236
93248 93250
93265 93267
93270 93288
93297 93305
93309 93311
93313 93327
93331 93336
93346 93351
93351 93355
93357 93371
93372 93374
93380 93397
93414 93467
93468 93471
93471 93473
93494 93495
93498 93518
93527 93528
93535 93537
93547 93547
93547 93548
93549 93557
93559 93569
93569 93570
93593 93606
93628 93640
93645 93655
93659 93659
93670 93708
93719 93732
93756 93762
93774 93780
93791 93795
93795 93808
93808 93813
93817 93827
93834 93838
93844 93855
93864 93865
93875 93892
93900 93902
93902 93902
93905 93913
93919 93920
93929 93938
93943 93995
94011 94016
94026 94031
94033 94040
94053 94056
94058 94085
94098 94106
94124 94129
94130 94135
94141 94148
94181 94191
94198 94199
94200 94200
94213 94216
94235 94238
94254 94269
94273 94276
94283 94289
94292 94293
94295 94321
94326 94326
94330 94337
94339 94343
94357 94365
94376 94377
94398 94403
94418 94425
94445 94460
94461 94462
94465 94472
94481 94487
94491 94492
94502 94502
94525 94525
94530 94541
94544 94544
94547 94551
94551 94554
94559 94561
94562 94566
94568 94571
94572 94587
94607 94608
94619 94621
94622 94627
94627 94629
94639 94646
94662 94663
94668 94678
94686 94715
94720 94720
94738 94742
94748 94749
94762 94765
94768 94770
94771 94777
94786 94787
94788 94788
94797 94797
94809 94826
94842 94842
94856 94862
94864 94872
94876 94880
94881 94887
94892 94895
94901 94906
94913 94933
94944 94947
94947 94958
94959 94960
94965 94973
94977 94985
94989 94993
94996 94997
95012 95014
95026 95040
95051 95056
95056 95074
95079 95093
95101 95102
95113 95113
95126 95129
95142 95144
95152 95155
95172 95172
95179 95194
95198 95200
95207 95208
95214 95218
95231 95235
95242 95244
95263 95266
95266 95267
95284 95316
95319 95326
95330 95338
95340 95360
95368 95369
95371 95379
95392 95394
95397 95409
95420 95436
95452 95453
95454 95464
95465 95465
95466 95472
95483 95486
95486 95488
95521 95521
95529 95537
95542 95551
95554 95563
95566 95581
95585 95589
95593 95596
95597 95616
95637 95637
95638 95642
95650 95654
95654 95661
95666 95667
95670 95671
95674 95675
95693 95702
95712 95725
95752 95756
95764 95771
95781 95786
95788 95790
95799 95808
95818 95826
95826 95828
95831 95849
95860 95871
95871 95873
95884 95904
95907 95911
95916 95937
95944 95949
95951 95952
95954 95977
95978 95987
95989 95993
96002 96009
96010 96026
96038 96045
96061 96072
96078 96102
96110 96115
96131 96136
96145 96148
96148 96152
96153 96160
96162 96165
96165 96180
96193 96201
96204 96205
96206 96208
96209 96212
96219 96223
96224 96233
96240 96258
96260 96266
96267 96272
96283 96288
96307 96310
96313 96342
96342 96345
96347 96353
96360 96362
96403 96426
96430 96432
96445 96452
96473 96475
96482 96505
96521 96534
96536 96551
96559 96561
96584 96608
96623 96627
96642 96647
96647 96653
96656 96659
96666 96667
96667 96669
96675 96678
96678 96696
96709 96711
96713 96719
96726 96730
96749 96754
96759 96797
96797 96807
96813 96851
96857 96861
96863 96868
96870 96879
96883 96897
96915 96919
96922 96937
96945 96948
96965 96965
96969 96977
96985 96991
97004 97005
97006 97016
97019 97022
97070 97076
97077 97088
97090 97091
97092 97132
97132 97153
97160 97190
97210 97230
97232 97236
97242 97246
97260 97262
97263 97274
97282 97283
97285 97291
97296 97296
97299 97301
97305 97312
97312 97313
97316 97316
97319 97328
97328 97331
97335 97336
97382 97406
97418 97418
97420 97429
97431 97433
97435 97440
97492 97499
97500 97502
97502 97514
97515 97522
97524 97531
97548 97554
97556 97556
97566 97570
97582 97602
97602 97604
97630 97646
97651 97672
97683 97684
97699 97705
97715 97720
97732 97737
97740 97741
97744 97750
97754 97757
97761 97763
97775 97784
97787 97798
97802 97804
97812 97821
97831 97832
97834 97840
97882 97891
97896 97904
97916 97919
97920 97923
97926 97933
97938 97940
97955 97963
97963 97970
97975 97981
97987 97991
97995 97998
98010 98011
98027 98035
98038 98039
98041 98053
98053 98054
98054 98060
98088 98092
98096 98106
98118 98123
98127 98136
98139 98144
98144 98148
98149 98152
98169 98170
98193 98221
98234 98245
98250 98257
98259 98274
98306 98318
98326 98359
98360 98374
98374 98389
98416 98416
98417 98419
98426 98429
98435 98460
98477 98482
98492 98492
98493 98498
98513 98518
98550 98583
98599 98610
98614 98615
98619 98620
98623 98639
98640 98663
98663 98664
98670 98690
98696 98697
98705 98729
98743 98760
98767 98788
98791 98821
98828 98842
98851 98857
98857 98863
98866 98873
98876 98895
98906 98907
98907 98913
98929 98932
98935 98949
98950 98966
98970 98971
98972 98972
98979 99018
99019 99020
99027 99028
99052 99057
99066 99066
99067 99070
99071 99078
99098 99104
99112 99118
99123 99134
99134 99155
99167 99169
99172 99178
99184 99198
99201 99204
99205 99212
99240 99241
99242 99246
99247 99253
99260 99267
99276 99290
99298 99311
99315 99331
99332 99334
99353 99359
99366 99370
99391 99408
99419 99434
99437 99447
99456 99461
99469 99472
99484 99508
99519 99541
99547 99560
99563 99567
99575 99578
99582 99600
99603 99610
99610 99625
99641 99678
99679 99683
99683 99694
99701 99704
99705 99706
99707 99714
99724 99732
99734 99737
99738 99740
99766 99768
99769 99778
99802 99805
99807 99807
99814 99817
99829 99832
99845 99847
99859 99862
99874 99876
99891 99897
99901 99905
99926 99932
99936 99949
99954 99956
99968 99968
99970 99974
99982 100000
